_chiffre	freqfilm	freqlivre
0'	0.85	0.00
0-	0.05	0.00
0-0	0.05	0.00
0-1-5	0.11	0.00
0-1	0.11	0.00
0-10	0.05	0.00
0-2-0	0.05	0.00
0-2	0.48	0.00
0-3-0	0.05	0.00
0-3-5	0.05	0.00
0-3-9	0.05	0.00
0-4-2	0.05	0.00
0-4	0.11	0.00
0-5-0	0.16	0.00
0-6-5	0.05	0.00
0-7-0	0.05	0.00
0-7-5	0.05	0.00
0-8-0	0.05	0.00
0-9-7	0.05	0.00
0-90	0.11	0.00
0 2 9 3	0.05	0.00
0 20 100 0	0.00	0.07
0 4 0	0.05	0.00
0 800	0.05	0.00
0	7.50	2.64
0,0025	0.05	0.00
0,009	0.00	0.07
0,010	0.00	0.07
0,04	0.05	0.00
0,05	0.05	0.07
0,06	0.05	0.00
0,07	0.00	0.07
0,1	0.00	0.07
0,1,5	0.05	0.00
0,2	0.11	0.00
0,21	0.05	0.00
0,22	0.05	0.00
0,25	0.32	0.07
0,3	0.16	0.00
0,357	0.05	0.00
0,38	0.16	0.00
0,40	0.00	0.07
0,5	0.32	0.20
0,50	0.05	0.27
0,58	0.05	0.00
0,59	0.05	0.00
0,618	0.00	0.07
0,7	0.05	0.00
0,75	0.05	0.00
0,77	0.00	0.07
0,79	0.05	0.00
0,8	0.11	0.00
0,9	0.05	0.00
0,90	0.00	0.20
0,99	0.05	0.00
0..17	0.00	0.07
0.00002	0.05	0.00
0.003	0.05	0.00
0.008	0.05	0.00
0.017	0.05	0.00
0.02%	0.05	0.00
0.03	0.05	0.00
0.05	0.05	0.00
0.051	0.05	0.00
0.06	0.05	0.00
0.16	0.05	0.00
0.2	0.05	0.00
0.200	0.11	0.00
0.3	0.16	0.00
0.30	0.05	0.00
0.31	0.05	0.00
0.4	0.05	0.00
0.4.0	0.05	0.00
0.5	0.11	0.00
0.7..	0.05	0.00
0.74	0.11	0.00
0.75	0.05	0.00
0.9	0.05	0.00
0/25	0.00	0.07
0/3	0.00	0.07
0/30	0.00	0.07
0°	0.05	0.00
0°c	0.05	0.00
00 01	0.00	0.07
00 02	0.05	0.00
00 325	0.00	0.07
00	7.23	0.07
00..	0.05	0.00
000	1.33	0.14
00000	0.00	0.07
001	0.74	0.00
002	0.11	0.00
0027	0.05	0.00
003	0.32	0.00
00331	0.00	0.14
004	0.16	0.07
004123317	0.05	0.00
005	0.05	0.00
006	0.05	0.00
007	6.17	0.00
007à	0.05	0.00
008	0.11	0.00
008r	0.05	0.00
009	0.11	0.00
0097	0.05	0.00
009717-d	0.05	0.00
01-01-026	0.05	0.00
01-01-027	0.05	0.00
01 5	0.05	0.00
01 7 1	0.05	0.00
01 71 444 3184	0.05	0.00
01	1.01	0.00
01.1997	0.05	0.00
0100	0.05	0.00
011-9354-7179	0.05	0.00
011	0.05	0.14
012	0.00	0.07
015	0.16	0.00
016021	0.05	0.00
0199	0.05	0.00
01à	0.05	0.00
02	0.96	0.14
020	0.37	0.00
020522-012	0.11	0.00
0219	0.05	0.00
022	0.05	0.00
024	0.05	0.00
029 3312106	0.05	0.00
029 351	0.05	0.00
03	0.85	0.07
03...13	0.05	0.00
03.00	0.05	0.00
03.57	0.05	0.00
030	0.05	0.00
0300	0.05	0.00
033-03	0.05	0.00
034	0.05	0.00
034285219	0.05	0.00
0357	0.05	0.00
036	0.05	0.00
037	0.59	0.00
0381 5	0.05	0.00
04	0.64	0.00
040	0.11	0.00
041 12	0.05	0.00
041	0.05	0.00
044	0.11	0.00
045	0.37	0.00
047	0.11	0.00
05	1.17	0.47
05/	0.05	0.00
05/04	0.05	0.00
05/78	0.05	0.00
050	0.43	0.00
052	0.05	0.00
0530	0.05	0.00
055	0.11	0.00
058	0.05	0.00
06	1.76	0.07
060	0.11	0.07
0600	0.16	0.00
0606	0.05	0.00
062	0.11	0.00
0641 99	0.05	0.00
066	0.11	0.00
069	0.11	0.00
07	0.80	0.07
07/1930	0.05	0.00
0700	0.05	0.00
0724935	0.05	0.00
0730	0.05	0.00
076	0.11	0.00
079	0.43	0.00
0790	0.05	0.00
08-11561	0.05	0.00
08	0.90	0.14
0800	0.16	0.00
089	0.21	0.00
09-11-74	0.05	0.00
09-12	0.05	0.00
09	0.96	0.00
09..10	0.00	0.14
09.00	0.05	0.00
090	0.21	0.00
09283	0.05	0.00
095042-f	0.05	0.00
0950426-f	0.05	0.00
097435	0.05	0.00
0é	0.11	0.00
0h	0.11	0.00
0h00	0.05	0.00
0h01	0.27	0.00
0h04	0.11	0.00
0h30	0.05	0.00
¼­ ¸	0.05	0.00
¼­ ²¨	0.05	0.00
¼­	0.05	0.00
¼	0.32	0.00
¼¿'¿¡¼­	0.05	0.00
¼¼¿	0.32	0.00
¼½½º¿£ ¿	0.05	0.00
½ "	0.05	0.00
½	1.06	0.00
½´	0.05	0.00
½º ¾	0.05	0.00
½º	0.11	0.00
¾	2.98	0.00
1'	0.21	0.07
1-	0.16	0.00
1-0-0	0.05	0.00
1-0-5	0.05	0.00
1-0-7	0.05	0.00
1-0-8	0.05	0.00
1-0	0.21	0.00
1-1-1-1	0.05	0.00
1-1-3-1	0.11	0.00
1-1-3	0.05	0.00
1-1-9	0.05	0.00
1-10	0.05	0.00
1-118	0.05	0.00
1-15	0.05	0.00
1-2-0	0.05	0.00
1-2-1.5	0.05	0.00
1-2-3	0.05	0.00
1-2-7	0.05	0.00
1-2	0.27	0.07
1-200-c-dlck	0.16	0.00
1-212-555-0118	0.05	0.00
1-24	0.05	0.00
1-3-0	0.11	0.00
1-4	0.32	0.00
1-40	0.05	0.00
1-5-0	0.11	0.00
1-5-7	0.11	0.00
1-5	0.16	0.00
1-6-5	0.11	0.00
1-7	0.05	0.00
1-8-0	0.21	0.00
1-8-4	0.05	0.00
1-800-rte-süre	0.05	0.00
1-83	0.05	0.00
1-87	0.05	0.00
1-9-3-0	0.05	0.00
1-9-3	0.05	0.00
1-9-5	0.27	0.00
1-9482	0.05	0.00
1-l-19	0.11	0.00
1 0-20	0.05	0.00
1 0-4	0.05	0.00
1 0-d	0.05	0.00
1 0 000 000	0.05	0.00
1 0 000	1.22	0.00
1 0 320	0.05	0.00
1 0 500	0.05	0.00
1 0	16.01	0.00
1 0.000	0.11	0.00
1 00 000 000	0.05	0.00
1 00 000	1.06	0.00
1 00	5.48	0.00
1 00.000	0.11	0.00
1 000 000	0.05	0.00
1 000	8.72	0.27
1 00000	0.05	0.00
1 000ème	0.05	0.00
1 001	0.11	0.00
1 002	0.05	0.00
1 003	0.05	0.00
1 01	0.32	0.00
1 02	0.16	0.00
1 025	0.05	0.00
1 04	0.16	0.00
1 05	0.11	0.00
1 06ème	0.05	0.00
1 07	0.16	0.00
1 08	0.27	0.00
1 0e	0.05	0.00
1 0ème	0.48	0.00
1 0h	0.53	0.00
1 1 0	0.27	0.00
1 1 0.1 30	0.05	0.00
1 1 00	0.11	0.00
1 1 1	0.11	0.00
1 1 2	0.21	0.00
1 1 3ème	0.05	0.00
1 1 5	0.05	0.00
1 1 50	0.05	0.00
1 1 6	0.05	0.00
1 1 7	0.05	0.00
1 1 9	0.21	0.00
1 1 91	0.05	0.00
1 1	6.22	0.00
1 1,2	0.05	0.00
1 1,8	0.05	0.00
1 10	0.43	0.00
1 100	0.32	0.07
1 120	0.00	0.07
1 124 000 727 777 607 680 000	0.00	0.07
1 124	0.05	0.00
1 13	0.11	0.00
1 148	0.05	0.00
1 15	0.11	0.00
1 154,35	0.00	0.07
1 16	0.11	0.00
1 1792	0.05	0.00
1 180	0.05	0.00
1 19	0.05	0.00
1 2 000	0.05	0.00
1 2 3 4	0.16	0.00
1 2	7.39	0.00
1 2,50	0.11	0.00
1 2,75	0.05	0.00
1 20 000	0.05	0.00
1 20	0.90	0.00
1 200 1 200	0.05	0.00
1 200	1.49	0.07
1 21 2	0.16	0.00
1 22	0.11	0.00
1 220	0.05	0.00
1 22ème	0.05	0.00
1 24	0.05	0.00
1 25 000	0.11	0.00
1 25	0.21	0.00
1 27	0.16	0.00
1 28	0.21	0.00
1 281	0.05	0.00
1 283	0.00	0.07
1 29 000	0.05	0.00
1 2e	0.21	0.00
1 2ème	0.16	0.00
1 3 0	0.05	0.00
1 3 500	0.05	0.00
1 3	2.77	0.00
1 30 000	0.32	0.00
1 30	0.16	0.00
1 300 000	0.11	0.00
1 300	0.16	0.07
1 322	0.00	0.07
1 325 623	0.11	0.00
1 326	0.05	0.00
1 33	0.05	0.00
1 34	0.05	0.00
1 359	0.05	0.00
1 37	0.11	0.00
1 39	0.11	0.00
1 3e	0.53	0.00
1 3ème	0.05	0.00
1 3h	0.05	0.00
1 4-6	0.05	0.00
1 4 000	0.05	0.00
1 4	4.57	0.00
1 4,5	0.05	0.00
1 4..	0.05	0.00
1 40 000	0.05	0.00
1 400	0.11	0.00
1 432	0.05	0.00
1 447	0.05	0.00
1 45 000	0.05	0.00
1 45e	0.05	0.00
1 47 956	0.05	0.00
1 485	0.00	0.07
1 49	0.05	0.00
1 491	0.05	0.00
1 492	0.16	0.00
1 4c	0.11	0.00
1 4ème	0.37	0.00
1 4h	0.11	0.00
1 5 000	0.53	0.00
1 5 000.1 5 000..	0.05	0.00
1 5 500	0.05	0.00
1 5	11.06	0.00
1 5/	0.05	0.00
1 50 000	0.37	0.00
1 50	1.70	0.00
1 500 000	0.05	0.14
1 500	2.55	0.54
1 500m	0.05	0.00
1 501	0.05	0.00
1 50ème	0.05	0.00
1 51 9	0.05	0.00
1 52	0.21	0.00
1 520	0.05	0.00
1 523	0.00	0.07
1 528	0.05	0.00
1 532	0.00	0.07
1 54	0.05	0.00
1 540	0.05	0.00
1 547	0.05	0.00
1 550	0.05	0.00
1 55ème	0.11	0.00
1 58	0.05	0.00
1 594	0.05	0.00
1 5e	0.64	0.00
1 5ème	0.32	0.00
1 5h	0.21	0.00
1 6-1	0.05	0.00
1 6	4.31	0.00
1 60	0.21	0.00
1 600 000	0.21	0.00
1 600	0.48	0.07
1 605	0.05	0.00
1 62	0.05	0.00
1 623	0.05	0.00
1 65	0.21	0.00
1 67	0.05	0.00
1 68	0.05	0.00
1 685	0.05	0.00
1 6e	0.11	0.00
1 6ème	0.21	0.00
1 6h	0.37	0.00
1 7-9	0.05	0.00
1 7 000	0.16	0.00
1 7	4.41	0.00
1 70 000	0.05	0.00
1 700	0.11	0.00
1 709	0.00	0.07
1 71	0.05	0.00
1 712	0.05	0.00
1 714	0.00	0.07
1 724	0.05	0.00
1 729	0.05	0.00
1 741	0.00	0.07
1 75 000	0.21	0.00
1 750 000	0.00	0.07
1 758 064 176	0.00	0.07
1 76	0.05	0.00
1 760	0.11	0.00
1 77 6	0.05	0.00
1 77	0.05	0.00
1 773	0.05	0.00
1 776	0.05	0.00
1 7e	0.05	0.00
1 7ème	0.11	0.00
1 7h	0.21	0.00
1 8 000	0.11	0.00
1 8	3.83	0.00
1 80	0.21	0.00
1 80°	0.05	0.00
1 800	0.37	0.14
1 85	0.11	0.00
1 857	0.05	0.00
1 87	0.16	0.00
1 870	0.05	0.00
1 876	0.27	0.00
1 878	0.11	0.00
1 893	0.05	0.00
1 897	0.05	0.00
1 898	0.05	0.00
1 8e	0.05	0.00
1 8é	0.11	0.00
1 8ème	0.05	0.00
1 8h	0.32	0.00
1 9 0	0.05	0.00
1 9	3.40	0.00
1 90	0.05	0.00
1 900	0.05	0.00
1 905	0.05	0.00
1 906	0.11	0.00
1 91 0	0.05	0.00
1 91 3	0.21	0.00
1 91 4	0.11	0.00
1 91 5	0.05	0.00
1 91 7	0.11	0.00
1 91 8	0.05	0.00
1 91	0.11	0.00
1 920	0.11	0.00
1 922	0.16	0.00
1 923	0.16	0.00
1 925	0.05	0.00
1 926	0.00	0.07
1 928	0.05	0.00
1 929	0.05	0.00
1 93 7	0.05	0.00
1 930-40	0.05	0.00
1 932	0.05	0.00
1 935	0.16	0.00
1 937	0.21	0.00
1 939	0.37	0.00
1 940	0.11	0.00
1 941	0.21	0.00
1 942	0.05	0.00
1 943	0.16	0.00
1 944	0.11	0.00
1 945	0.11	0.00
1 946	0.11	0.00
1 947	0.32	0.00
1 95	0.05	0.00
1 950	0.11	0.00
1 951	0.05	0.00
1 952	0.05	0.00
1 953	0.05	0.00
1 954	0.16	0.00
1 955	0.11	0.00
1 957	0.21	0.00
1 958	0.16	0.00
1 96	0.05	0.00
1 960	0.11	0.00
1 961	0.11	0.00
1 962	0.11	0.00
1 963	0.27	0.00
1 964	0.05	0.00
1 965	0.32	0.00
1 966	0.11	0.00
1 967	0.48	0.00
1 968	0.21	0.00
1 97 6	0.05	0.00
1 97	0.05	0.00
1 971	0.11	0.00
1 972	0.21	0.00
1 973	0.27	0.00
1 974	0.16	0.00
1 975	0.05	0.00
1 976	0.05	0.00
1 977	0.05	0.00
1 978	0.05	0.00
1 979	0.11	0.00
1 980	0.37	0.00
1 982	0.11	0.00
1 983	0.11	0.00
1 984	0.16	0.00
1 985	0.11	0.00
1 986	0.16	0.00
1 987	0.11	0.00
1 988	0.11	0.00
1 989	0.05	0.00
1 99	0.05	0.00
1 990	0.05	0.00
1 991	0.05	0.00
1 992	0.11	0.00
1 994	0.05	0.00
1 995	0.11	0.00
1 997	0.11	0.00
1 998	0.11	0.00
1 999	0.21	0.00
1 9e	0.11	0.00
1 9é	0.11	0.00
1 9ème	0.16	0.00
1 9h	0.74	0.00
1 er	5.90	8.58
¹	0.64	0.00
1	105.37	43.51
1$.5$	0.05	0.00
1%	0.05	0.00
1,000	0.48	0.00
1,000,000	0.05	0.00
1,02	0.05	0.00
1,04	0.05	0.00
1,1	0.05	0.00
1,12	0.00	0.20
1,2	0.37	0.00
1,2,3	0.05	0.00
1,2,3,4,5,6	0.05	0.00
1,2°	0.05	0.00
1,20	0.05	0.07
1,200	0.11	0.00
1,21	0.27	0.00
1,22	0.11	0.00
1,23	0.05	0.00
1,25	0.11	0.00
1,27	0.05	0.00
1,3	0.32	0.00
1,3..	0.05	0.00
1,30	0.00	0.07
1,300,000	0.11	0.00
1,4	0.05	0.00
1,400	0.05	0.00
1,400,000	0.05	0.00
1,5	1.81	0.27
1,5%sur	0.05	0.00
1,50	0.59	0.14
1,500,000	0.05	0.00
1,6	0.21	0.07
1,60	0.16	0.07
1,61	0.05	0.00
1,618	0.00	0.41
1,65	0.27	0.00
1,66	0.05	0.07
1,67	0.16	0.00
1,7	0.21	0.07
1,70	0.32	0.07
1,72	0.00	0.07
1,73	0.11	0.00
1,74	0.05	0.00
1,75	0.16	0.27
1,75m	0.05	0.00
1,76	0.16	0.00
1,78	0.16	0.00
1,8	0.21	0.07
1,80	0.37	0.34
1,800,000	0.05	0.00
1,82	0.00	0.07
1,83	0.05	0.00
1,85	0.32	0.00
1,850	0.05	0.00
1,85m	0.05	0.00
1,87	0.11	0.00
1,88	0.16	0.00
1,8m	0.11	0.00
1,9	0.05	0.00
1,90	0.05	0.00
1,900,000	0.05	0.00
1,93m	0.05	0.00
1,95	0.27	0.00
1,98	0.11	0.00
1...2	0.05	0.00
1...2..	0.21	0.00
1..050	0.00	0.07
1..2..3..	0.05	0.00
1..365	0.00	0.07
1..500	0.00	0.07
1..900	0.00	0.14
1.000	0.90	0.00
1.000.000	0.11	0.00
1.008	0.05	0.00
1.100	0.05	0.00
1.2	0.05	0.00
1.200	0.05	0.00
1.25	0.05	0.14
1.4	0.21	0.00
1.400	0.05	0.00
1.400... ..	0.05	0.00
1.5	0.32	0.00
1.50	0.05	0.07
1.500	0.37	0.00
1.6	0.11	0.00
1.75	0.00	0.07
1.79	0.11	0.00
1.820.000.8.060	0.05	0.00
1.99	0.05	0.00
1.c	0.27	0.00
1/0	0.21	0.00
1/10.000	0.05	0.00
1/1000es	0.00	0.07
1/100e	0.05	0.00
1/100ème	0.11	0.00
1/15e	0.00	0.07
1/16	0.05	0.00
1/160 000e	0.00	0.07
1/17ème	0.05	0.00
1/18e	0.05	0.00
1/2	3.35	0.95
1/2à	0.11	0.00
1/2h	0.21	0.00
1/3	0.32	0.07
1/4	0.80	0.00
1/5	0.11	0.00
1/6	0.59	0.00
1/8	0.05	0.00
1/8ème	0.11	0.00
¹«¼¼¿	0.05	0.00
¹«½¼	0.05	0.00
¹»·	0.05	0.00
¹®	0.05	0.00
1°	0.05	0.00
1°c	0.05	0.00
10'	0.32	0.07
10'3	0.05	0.00
10'3..	0.05	0.00
10-	0.05	0.00
10-0-7	0.05	0.00
10-07	0.11	0.00
10-1 7	0.05	0.00
10-10	0.05	0.00
10-11-92	0.05	0.00
10-11	0.00	0.07
10-12	0.05	0.00
10-14	0.00	0.07
10-15	0.21	0.00
10-18	0.05	0.00
10-20	0.11	0.00
10-27	0.05	0.00
10-4	0.21	0.00
10-40	0.11	0.00
10-45	0.11	0.00
10-82	0.11	0.00
10-85	0.11	0.00
10-90	0.05	0.00
10-98	0.05	0.00
10 000	10.21	0.47
10 000..	0.05	0.00
10 02	0.11	0.00
10 12	0.00	0.07
10 500 000	0.05	0.00
10 500	0.11	0.00
10 700	0.05	0.00
10	132.55	26.89
10%	0.05	0.00
10,000	1.06	0.00
10,000,000	0.11	0.00
10,15,20	0.05	0.00
10,2	0.05	0.00
10,5	0.05	0.07
10,80	0.00	0.14
10..	0.05	0.00
10...9	0.05	0.00
10...9...8...7..	0.05	0.00
10.000	2.66	0.00
10.000?	0.05	0.00
10.000ème	0.05	0.00
10.50€	0.05	0.00
10/1	0.05	0.00
10/10	0.16	0.00
10/10e	0.05	0.00
10/12/	0.05	0.00
10/20	0.32	0.00
10:00	0.05	0.00
10°	0.11	0.00
100-110	0.11	0.00
100 000 000	0.05	0.00
100 000	5.74	0.61
100 001	0.05	0.00
100 9	0.05	0.00
100 956	0.05	0.00
100	48.67	7.16
100%	0.11	0.00
100%la	0.05	0.00
100,000	0.96	0.00
100.000	1.49	0.00
100.000.000	0.05	0.00
100°	0.05	0.00
1000	14.79	1.96
1000$	0.05	0.00
10000	3.51	1.01
100000	2.07	0.95
1000e	0.00	0.14
1000ème	0.05	0.00
1001	0.21	0.00
1001m	0.05	0.00
100375	0.05	0.00
1004	0.27	0.00
1006	0.11	0.00
100e	0.37	0.07
100m	0.27	0.00
101	1.17	0.27
1012 3	0.00	0.07
1012	0.05	0.07
10145	0.05	0.00
1017	0.05	0.00
1019	0.11	0.07
10191	0.11	0.00
101e	0.53	0.00
101ème	0.74	0.00
102	0.53	0.74
10200	0.05	0.00
1021	0.00	0.14
10238	0.05	0.00
1024	0.05	0.00
1028	0.11	0.00
10283	0.05	0.00
102ème	0.05	0.00
103	0.37	0.27
1034	0.05	0.00
1037	0.05	0.00
103e	0.05	0.00
104	0.85	0.20
1040	0.05	0.00
1042	0.00	0.14
1049	0.05	0.00
104ème	0.05	0.00
105 000	0.05	0.00
105	1.33	1.15
10500	0.05	0.00
105000	0.00	0.07
1055	0.05	0.00
1056	0.05	0.00
105ème	0.05	0.00
106	0.37	1.42
1060	0.05	0.07
1066	0.21	0.00
1067	0.05	0.00
1068	0.05	0.00
106e	0.11	0.20
106ème	0.05	0.00
107 000	0.00	0.07
107 1	0.05	0.00
107	0.59	0.47
1070	0.05	0.14
1071	0.05	0.00
107160	0.05	0.00
107e	0.05	0.07
108	2.18	0.47
10832	0.05	0.00
1084	0.00	0.07
10842	0.00	0.07
108576329	0.00	0.07
1087	0.05	0.00
1088	0.05	0.00
108ème	0.05	0.00
109 000	0.05	0.00
109	0.69	0.54
10900	0.05	0.00
1091	0.05	0.00
1095	0.11	0.00
10950	0.11	0.00
1096	0.05	0.00
10961	0.05	0.00
109672	0.11	0.00
109700	0.05	0.00
1098	0.05	0.00
1099	0.05	0.00
109ème	0.11	0.00
10c	0.05	0.00
10é	0.11	0.00
10e	1.33	0.41
10ème	1.97	0.00
10h	2.50	0.00
10h02	0.05	0.00
10h10	0.05	0.00
10h30	0.05	0.00
10m	0.27	0.00
10s	0.00	0.07
11'47"	0.05	0.00
11-1	0.05	0.00
11-13	0.00	0.07
11-14	0.11	0.00
11-2	0.05	0.00
11-3	0.00	0.07
11-350	0.11	0.00
11-99	0.11	0.00
11 000	0.05	0.00
11 11	0.05	0.00
11 127	0.05	0.00
11 500	0.05	0.00
¹¹	0.05	0.00
11	29.41	17.03
11,40	0.05	0.00
11,43	0.00	0.07
11,5	0.05	0.00
11,7	0.11	0.00
11,75	0.05	0.00
11..43	0.00	0.07
11.00	0.05	0.00
11.000	0.05	0.00
11.05.88	0.05	0.00
11.500	0.05	0.00
11.9	0.05	0.00
11/20	0.05	0.00
11/3/93	0.05	0.00
11/9/40	0.05	0.00
¹¹¶	0.05	0.00
110-90	0.05	0.00
110	2.61	0.88
110,000	0.05	0.00
1100	0.21	0.27
1100$	0.05	0.00
11000	0.37	0.07
110000	0.00	0.07
1102	0.11	0.07
1106	0.05	0.00
1108	0.16	0.00
1109	0.16	0.07
110ème	0.11	0.00
111	2.34	0.14
1112	0.00	0.14
1116	0.00	0.07
1117	0.16	0.00
111ème	0.05	0.00
112 000	0.05	0.00
112	0.69	0.20
112.000	0.05	0.00
1120	0.05	0.00
112004-c	0.05	0.00
1125	0.05	0.00
113	0.32	0.41
113,37	0.05	0.00
1138	0.74	0.00
1139	0.00	0.07
113ème	0.05	0.00
114	0.64	0.47
1142	0.00	0.07
114ème	0.05	0.00
115 000	0.05	0.00
115	0.37	1.08
115,098	0.00	0.07
1150	0.16	0.00
1152	0.05	0.07
1156	0.05	0.00
1158	0.11	0.00
115e	0.05	0.00
116 000	0.05	0.00
116	0.27	0.27
116/72	0.05	0.00
116000	0.00	0.07
1165 02	0.05	0.00
116ème	0.11	0.00
117	0.21	0.47
1170	0.00	0.07
1171	0.05	0.00
1177	0.05	0.00
118	0.48	0.27
118,47	0.00	0.07
118,75	0.00	0.07
118€	0.05	0.00
1180	0.00	0.07
1182	0.00	0.20
1184	0.05	0.00
1189	0.05	0.00
119	0.27	0.34
119,851	0.00	0.07
1190	0.00	0.07
1195	0.00	0.07
1197	0.00	0.07
1199	0.00	0.07
11a	0.21	0.00
11é	0.05	0.00
11e	0.59	0.47
11ème	0.74	0.00
11h	1.91	0.00
11h00	0.05	0.00
11h30	0.11	0.00
11h45	0.05	0.00
11o	0.00	0.07
12- 22	0.05	0.00
12-13	0.00	0.07
12-14	0.05	0.00
12-15	0.05	0.07
12-203	0.05	0.00
12-29	0.05	0.00
12-3	0.05	0.00
12-4-46	0.00	0.07
12-7	0.05	0.00
12-8-1963	0.00	0.07
12 000	0.96	0.27
12 000e	0.05	0.00
12 100	0.05	0.00
12 500	0.05	0.00
12 752	0.05	0.00
12 884	0.00	0.07
12	51.33	18.24
12,000	0.11	0.00
12,3	0.05	0.00
12,300	0.05	0.00
12,5	0.32	0.00
12,60	0.05	0.00
12,75	0.05	0.00
12,90	0.05	0.00
12,95	0.11	0.00
12. m	0.05	0.00
12."	0.05	0.00
12...11...10	0.05	0.00
12.000	0.48	0.00
12.39	0.05	0.00
12.5	0.05	0.00
12.9	0.05	0.00
12/20	0.11	0.00
12/7/08	0.00	0.07
12/8	0.05	0.00
12°	0.11	0.00
120 000	0.11	0.00
120 000.150 000.180.190	0.05	0.00
120	3.88	1.82
120,958	0.00	0.07
120.000	0.11	0.00
120/80	0.05	0.00
1200	2.87	0.68
12000	0.27	0.68
120000	0.27	0.27
1200000	0.00	0.27
1201	0.16	0.00
1203	0.00	0.07
1204	0.00	0.14
1205	0.11	0.00
1209	0.00	0.07
121	0.53	0.07
1211	0.00	0.07
1212	0.05	0.07
1214	0.05	0.00
1215	0.00	0.07
12185	0.05	0.00
122	0.48	0.20
1220	0.05	0.14
1221	0.16	0.00
1222	0.00	0.27
1225	0.05	0.00
1226	0.00	0.68
1227	0.00	0.20
12278	0.05	0.00
1229	0.00	0.07
123-025-3964	0.11	0.00
123 456	0.00	0.07
123	2.61	0.54
123.9	0.05	0.00
123123123	0.05	0.00
1233	0.00	0.14
1234	0.05	0.07
1235	0.00	0.07
1236	0.00	0.07
124-9	0.05	0.00
124	0.32	0.34
1240	0.05	0.07
124000	0.05	0.00
1242	0.21	0.00
1243	0.11	0.00
1245	0.00	0.07
1246	0.00	0.07
1247	0.00	0.20
125 000	0.21	0.00
125	1.22	0.88
1250-1305	0.00	0.07
1250	0.16	0.00
12500	0.05	0.00
125000	0.05	0.14
1251	0.00	0.07
1253	0.00	0.07
1254	0.00	0.07
125e	0.05	0.20
126	0.16	0.14
126.410	0.05	0.00
126.9	0.05	0.00
1260	0.11	0.00
12600	0.11	0.00
1268	0.00	0.07
126ème	0.05	0.00
127 000	0.05	0.00
127	0.59	0.27
127.1	0.05	0.00
1270	0.00	0.07
1275 02	0.05	0.00
128 000	0.05	0.00
128	0.48	0.27
1280	0.00	0.07
1280,2	0.00	0.07
128e	0.05	0.00
129	0.11	0.07
1290	0.05	0.14
1291	0.00	0.07
1292	0.00	0.34
1296	0.11	0.00
1298	0.11	0.00
12c	0.05	0.00
12é	0.05	0.00
12e	0.48	0.41
12eme	0.11	0.00
12ème	1.54	0.00
12h	0.96	0.00
12h30	0.05	0.00
12h45	0.05	0.00
12j	0.11	0.00
13-14	0.00	0.07
13-21	0.11	0.00
13-6-90	0.05	0.00
13-7,5	0.05	0.00
13 000	0.32	0.00
13 500	0.05	0.00
13 9	0.00	0.07
13	24.79	14.39
13!	0.05	0.00
13,5	0.11	0.00
13,65	0.00	0.07
13,75	0.11	0.00
13,8	0.05	0.00
13,82	0.00	0.07
13,95	0.00	0.07
13.500	0.05	0.00
13.523.501	0.05	0.00
13.7	0.05	0.00
13/07	0.11	0.00
130-140	0.11	0.00
130 000	0.11	0.00
130	2.13	1.22
130.000	0.11	0.00
130/85	0.05	0.00
130/90	0.05	0.00
1300	0.90	0.47
13000	0.11	0.07
130000	0.05	0.07
1300000	0.00	0.07
1303	0.00	0.07
1305	0.05	0.00
13066266	0.05	0.00
1308	0.00	0.07
131-2	0.05	0.00
131 250	0.05	0.00
131	0.11	0.07
1313	0.00	0.07
1314	0.05	0.00
132 000	0.05	0.00
132	0.27	1.76
1320	0.00	0.07
1321	0.00	0.07
1323	0.00	0.14
1325	0.00	0.07
1328	0.05	0.00
1329	0.00	0.07
132e	0.05	0.20
133	0.05	0.27
1336	0.00	0.07
134	0.21	0.20
1340	0.59	0.00
1344	0.05	0.00
134e	0.05	0.00
135	0.74	0.54
135,27	0.05	0.00
1350	0.21	0.20
135000	0.05	0.07
1351	0.00	0.07
1352,3	0.00	0.07
1353	0.00	0.07
136	0.21	0.20
1362	0.05	0.07
1364	0.05	0.00
136890	0.05	0.00
136c	0.05	0.00
137	0.64	0.14
137,80	0.00	0.07
1375	0.05	0.07
1378	0.00	0.07
138	0.32	0.20
1385	0.00	0.07
1388	0.00	0.14
138e	0.05	0.00
139	0.16	0.20
1390	0.05	0.00
139000	0.05	0.00
1394	0.00	0.07
1399	0.05	0.00
13é	0.05	0.00
13e	0.64	0.14
13ème	1.60	0.00
13er	0.05	0.00
13ère	0.05	0.00
13h	0.69	0.00
13q	0.05	0.00
14-12	0.00	0.07
14-13	0.11	0.00
14-15	0.00	0.20
14-16	0.00	0.07
14-18	0.27	4.19
14-19,5	0.05	0.00
14-2-84	0.05	0.00
14-3-1	0.05	0.00
14-323	0.05	0.00
14-4-37	0.00	0.07
14-4	0.05	0.00
14-8	0.05	0.00
14-a	0.05	0.00
14-g	0.05	0.00
14 000	0.32	0.20
14 234	0.05	0.00
14 800	0.05	0.00
14	29.89	27.97
14,000	0.05	0.00
14,12	0.05	0.00
14,20	0.05	0.00
14,4	0.05	0.00
14,5	0.05	0.07
14,50	0.11	0.00
14,80	0.05	0.00
14.000	0.21	0.00
14.3.88	0.05	0.00
14.6	0.11	0.00
14/07	0.05	0.00
14°	0.05	0.00
140-145	0.05	0.00
140 000	0.11	0.00
140	2.23	0.81
140/30	0.05	0.00
140°	0.05	0.00
1400	0.85	0.00
1400/3 000	0.00	0.07
14000	0.05	0.27
140000	0.11	0.07
1402	0.11	0.00
1404	0.05	0.00
1405	0.05	0.00
1405,9	0.00	0.07
1407	0.00	0.14
141	0.05	0.20
1410	0.05	0.14
14110	0.05	0.00
1412	0.05	0.00
1417	0.00	0.07
1418	0.00	0.07
141ème	0.05	0.00
142	0.21	0.27
1420	0.11	0.00
14205	0.11	0.00
14275	0.05	0.00
1428	0.05	0.00
142m	0.05	0.00
143	0.11	0.20
143.000	0.05	0.00
1430	0.05	0.00
1431	0.05	0.07
1432	0.05	0.00
1436	0.05	0.00
143m	0.05	0.00
144 000	0.00	0.07
144	0.59	0.34
144.48.e	0.00	0.07
144000	0.00	0.14
1441	0.00	0.07
1446	0.05	0.00
1448	0.11	0.00
145	0.48	0.27
1450	0.05	0.00
14500	0.05	0.00
1453	0.00	0.34
146	0.00	0.27
1461,5	0.00	0.07
1463	0.00	0.07
1467	0.00	0.07
1469	0.00	0.07
147	0.48	0.27
1470	0.16	0.07
1477	0.05	0.00
1478	0.05	0.00
147ème	0.11	0.00
148-21	0.05	0.00
148 1	0.05	0.00
148	0.05	0.34
1480	0.00	0.14
14800	0.00	0.07
1482	0.00	0.07
1485	0.00	0.07
1486	0.00	0.07
1487-1488	0.00	0.07
1489	0.05	0.00
149	0.16	0.27
1492	0.16	0.68
149200	0.05	0.00
1493-1543	0.00	0.07
1493	0.05	0.00
1494	0.00	0.07
1495	0.00	0.07
1496	0.05	0.00
1498-1500	0.00	0.07
1499	0.00	0.07
14d	0.05	0.00
14e-7e	0.05	0.00
14e	0.59	0.41
14ème	1.54	0.00
14h	1.49	0.00
14h00	0.05	0.00
15'	0.11	0.00
15-0	0.05	0.00
15-12	0.05	0.00
15-17	0.00	0.07
15-2	0.11	0.00
15-20	0.11	0.00
15-3-1988	0.11	0.00
15-c	0.05	0.00
15 000	2.87	0.14
15 1	0.05	0.00
15 200	0.00	0.14
15 3	0.05	0.00
15 500	0.11	0.00
15	74.36	21.55
15%	0.05	0.00
15%et	0.05	0.00
15,00	0.05	0.07
15,000	0.21	0.00
15,30	0.05	0.00
15,5	0.00	0.07
15,6	0.05	0.00
15,80	0.05	0.00
15,95	0.05	0.00
15. m	0.05	0.00
15..	0.05	0.00
15..12..69	0.00	0.07
15.000	0.64	0.00
15.27	0.00	0.07
15.8	0.00	0.07
15/07	0.05	0.00
15/1	0.05	0.00
15°	0.16	0.00
150-6	0.05	0.00
150 000	0.59	0.27
150	9.84	2.50
150.000	0.27	0.00
150.200	0.05	0.00
150°	0.05	0.00
1500	2.55	0.54
15000	0.85	0.27
150000	0.32	0.20
1500000	0.00	0.14
1500m	0.05	0.00
1501	0.05	0.00
1503	0.00	0.27
1505-1610	0.05	0.00
1507	0.05	0.07
150ème	0.16	0.00
150f	0.05	0.00
150m	0.05	0.00
151	0.00	0.20
1510	0.00	0.07
1511	0.05	0.00
1512	0.00	0.07
1513	0.00	0.07
1515-1516	0.00	0.07
1515	0.00	0.34
1517	0.11	0.00
1519	0.05	0.00
151e	0.00	0.20
152	0.21	0.27
1520	0.05	0.14
15200	0.05	0.00
1521	0.05	0.07
1522	0.16	0.00
1523	0.00	0.14
1524	0.00	0.07
1526	0.11	0.00
1527	0.00	0.81
1528	0.05	0.00
1529	0.00	0.07
153	0.11	0.14
1530	0.05	0.14
1535	0.05	0.00
1536	0.00	0.07
1537	0.05	0.07
1539	0.00	0.14
154	0.32	0.07
1541	0.00	0.07
1542	0.05	0.00
1543	0.00	0.07
1544	0.05	0.00
1545	0.05	0.00
1546	0.05	0.00
1548	0.05	0.07
1549	0.05	0.14
155 000	0.05	0.00
155	0.43	1.22
1550	0.11	0.20
1552	0.00	0.07
1553	0.00	0.07
1554	0.11	0.00
1555	0.11	0.07
1558	0.00	0.07
1559	0.11	0.00
156	0.43	0.20
1560	0.00	0.27
1564	0.05	0.00
1569	0.00	0.14
156ème	0.05	0.00
157	0.21	0.14
1570-1670	0.00	0.07
1570	0.00	0.07
1571	0.05	0.00
1572	0.05	0.07
1574	0.05	0.00
1575	0.05	0.00
158	0.00	0.14
1580	0.11	0.00
1582	0.00	0.41
1587	0.00	0.07
1588	0.00	0.27
1589	0.00	0.07
159	0.05	0.20
1591	0.00	0.07
1598-1621	0.00	0.07
1599	0.00	0.07
159o	0.05	0.00
15a	0.05	0.00
15e	0.96	0.34
15eme	0.53	0.00
15ème	1.76	0.00
15h	1.60	0.00
15h20	0.05	0.00
15h51	0.05	0.00
15m	0.16	0.00
15o	0.05	0.00
16-15	0.05	0.00
16-17	0.00	0.07
16-18	0.05	0.00
16-24	0.00	0.07
16-a	0.05	0.00
16-m	0.05	0.00
16 000 000	0.32	0.00
16 000	1.12	0.00
16 1	0.11	0.00
16 303	0.05	0.00
16	30.37	15.54
16,00	0.00	0.07
16,2	0.05	0.00
16,50	0.05	0.00
16,8	0.05	0.00
16.000	0.05	0.00
16/16	0.11	0.00
16:00	0.05	0.00
160	3.30	0.47
160.160	0.05	0.00
1600	0.69	0.41
1600$.2000$	0.05	0.00
16000	0.16	0.07
160000	0.00	0.14
1600m	0.05	0.00
1601	0.00	0.14
1605	0.05	0.00
1606	0.05	0.00
1608	0.00	0.20
160ème	0.05	0.00
161	0.16	0.14
1610	0.32	0.34
1611	0.00	0.14
1612	0.05	0.07
1613	0.00	0.07
1614	0.00	0.07
1616	0.00	0.27
1619	0.11	0.00
162	0.11	0.20
162000	0.00	0.07
1621-1665	0.00	0.07
1621	0.05	0.00
1622	0.05	0.00
1623	0.00	0.07
163	0.05	0.27
1630	0.11	0.07
1631	0.00	0.27
1632	0.00	0.07
1634	0.05	0.00
1638	0.05	0.00
164	0.05	0.27
1640	0.11	0.00
16422	0.16	0.00
1643-1687	0.00	0.07
1643	0.05	0.07
1644	0.00	0.07
1647	0.00	0.07
1648	0.11	0.00
1649	0.05	0.07
165	0.27	0.34
1650	0.00	0.14
1652	0.05	0.00
1654	0.00	0.14
1656	0.00	0.07
166	0.05	0.20
1660	0.00	0.20
1661	0.05	0.00
1662	0.00	0.07
1665-1700	0.00	0.07
1665	0.05	0.07
1666	0.05	0.00
1667	0.05	0.07
1669	0.00	0.14
167	0.27	0.20
1670	0.00	0.07
1671	0.00	0.14
1672	0.00	0.07
1673	0.05	0.07
1674-1682	0.00	0.07
1675	0.00	0.07
168	0.27	0.47
1680	0.05	0.14
1681	0.00	0.07
1682	0.00	0.07
1683	0.00	0.07
1684	0.00	0.07
1685	0.00	0.20
1686	0.05	0.00
1687	0.00	0.14
1689-1770	0.00	0.07
1689	0.00	0.07
169 000	0.05	0.00
169	0.00	0.07
1690	0.05	0.00
1691	0.00	0.07
1692	0.00	0.47
1693	0.00	0.07
1694	0.00	0.14
1695	0.00	0.07
1696	0.00	0.20
1697	0.00	0.07
1698-1779	0.00	0.07
1699	0.00	0.14
16e	1.01	0.27
16eme	0.05	0.00
16ème	0.69	0.00
16h	2.02	0.00
17-	0.05	0.00
17-0-1	0.05	0.00
17-16	0.05	0.00
17-18	0.00	0.07
17-19	0.00	0.07
17-21	0.00	0.07
17-29	0.00	0.07
17-5	0.11	0.00
17 0	0.05	0.00
17 000	0.11	0.00
17 1	0.05	0.00
17 2	0.00	0.07
17 660	0.05	0.00
17	28.67	15.34
17,000	0.05	0.00
17,5	0.11	0.07
17,50	0.05	0.00
17.00	0.05	0.00
17.000	0.05	0.00
17.53	0.05	0.00
17.6	0.05	0.00
17°	0.16	0.00
170 000	0.11	0.00
170	0.85	0.47
1700	0.27	0.20
170000	0.11	0.00
1700h	0.11	0.00
1701	0.00	0.14
1702	0.00	0.07
1703-1770	0.00	0.07
1705	0.00	0.07
1707	0.05	0.14
1708	0.05	0.07
1709	0.05	0.07
171	0.00	0.20
1710	0.00	0.07
1711	0.00	0.07
1715	0.00	0.07
1717-1719	0.00	0.07
1718	0.00	0.14
1719	0.00	0.07
172 000	0.05	0.00
172	0.05	0.34
1720-1796	0.00	0.07
1720	0.00	0.07
1723	0.05	0.00
1725	0.00	0.14
1726	0.00	0.07
1727	0.00	0.20
1728	0.00	0.07
1729	0.00	0.14
173	0.05	0.34
1730	0.05	0.00
1731	0.00	0.14
1732	0.00	0.14
1733	0.00	0.07
1737	0.00	0.07
1738	0.00	0.20
1739	0.00	0.07
173ème	0.05	0.00
174	0.00	0.14
174,50	0.05	0.00
1740	0.21	0.07
1741	0.05	0.00
1742	0.00	0.14
1743	0.00	0.20
1745	0.00	0.07
1746	0.00	0.20
1747	0.00	0.07
1748	0.05	0.07
1749	0.00	0.14
175 0	0.05	0.00
175 000	0.11	0.00
175	0.16	0.54
1750	0.05	0.41
17500	0.05	0.00
1751	0.00	0.14
1752	0.00	0.34
1753	0.00	0.14
1754	0.05	0.20
1755	0.00	0.14
1756	0.00	0.14
1757	0.00	0.47
1758	0.05	0.00
1759	0.00	0.27
176	0.11	0.41
1760	0.00	0.27
1761	0.00	0.20
1763	0.05	0.00
1765	0.21	0.07
1766	0.05	0.00
1767	0.00	0.07
1768	0.00	0.07
1769	0.00	0.07
177	0.16	0.07
177/86	0.05	0.00
1770-1827	0.00	0.07
1770	0.00	0.14
1771	0.00	0.07
1772	0.00	0.14
1773	0.05	0.14
1774-1796	0.00	0.07
1774	0.00	0.14
1775 1794	0.05	0.00
1775	0.05	0.20
1776	0.16	0.00
1777	0.05	0.07
1778	0.00	0.07
1779	0.11	0.07
178	0.21	0.20
1780	0.05	0.34
1781-1851	0.00	0.07
1781	0.00	0.27
1782	0.00	0.20
1783	0.00	0.20
1784	0.00	0.07
1785	0.11	0.27
1786	0.00	0.07
1787	0.16	0.20
1788	0.11	0.34
1789	0.11	2.30
179	0.16	0.07
1790	0.32	0.20
1791-1792	0.00	0.07
1791	0.11	0.34
1792	0.05	1.08
1793-1795	0.00	0.07
1793	0.00	0.88
1794	0.00	0.20
1795	0.11	0.41
1796	0.00	0.14
1797	0.05	0.27
1798	0.05	0.54
1799	0.00	0.20
17c	0.05	0.00
17e	0.64	0.88
17eme	0.05	0.07
17ème	0.80	0.00
17h	1.60	0.00
18'	0.05	0.00
18-0	0.11	0.00
18-10	0.05	0.00
18-11	0.05	0.00
18-19	0.00	0.07
18-22	0.05	0.00
18-23	0.00	0.07
18-25	0.05	0.00
18-33	0.00	0.14
18-34	0.05	0.00
18-35	0.05	0.00
18-7	0.05	0.00
18-91	0.16	0.00
18 000	0.27	0.00
18 1	0.11	0.00
18	35.27	17.70
18,1	0.05	0.00
18,10	0.05	0.00
18,2	0.11	0.00
18,50	0.00	0.07
18,95	0.05	0.00
18.000	0.11	0.00
18.4	0.05	0.00
18.5	0.05	0.00
18.8	0.05	0.00
18°	0.05	0.00
180 00	0.05	0.00
180 000	0.37	0.00
180	2.82	1.22
180,000	0.16	0.00
180. m	0.05	0.00
180.000	0.05	0.00
180/85	0.05	0.00
180°	0.43	0.00
1800	0.69	0.74
18000	0.05	0.34
180000	0.05	0.07
1801	0.05	0.00
1802	0.05	0.34
1803	0.00	0.14
1804	0.05	0.27
1805	0.00	0.41
1806	0.05	0.47
1807	0.00	0.68
1808	0.00	0.54
1809	0.05	0.68
181	0.11	0.14
1810-1849	0.00	0.07
1810	0.00	0.20
1811	0.00	0.20
1812	0.16	0.54
1813-1887	0.00	0.07
1813	0.00	0.20
1814-1867	0.00	0.07
1814	0.16	0.27
1815-1820	0.00	0.07
1815	0.05	0.47
1816	0.00	0.20
18166	0.11	0.00
1817	0.00	0.27
1818	0.05	0.14
1819	0.00	0.14
182	0.27	0.00
1820	0.00	0.34
1822	0.00	0.27
1823	0.00	0.20
1824	0.00	0.20
1825	0.11	0.07
1826-1910	0.00	0.07
1826	0.05	0.00
1827	0.00	0.41
1828	0.05	0.07
1829	0.00	0.27
183	0.27	0.07
183,300	0.05	0.00
1830	0.16	0.68
1831	0.05	0.34
1833	0.00	0.54
1834	0.05	0.34
1835	0.05	0.14
1836	0.11	0.00
1837	0.00	0.27
1838	0.05	0.00
1839	0.16	0.00
184-1287	0.05	0.00
184	0.21	0.07
1840	0.11	0.61
1841-1919	0.00	0.07
1841	0.00	0.20
1842-1861	0.00	0.07
1842	0.00	2.57
1843-1919	0.00	0.07
1843	0.00	0.20
1844	0.05	0.00
1845	0.00	0.14
1846	0.05	0.07
1847	0.11	0.14
1848	0.00	1.28
1849	0.27	0.20
185 000	0.00	0.14
185	0.43	0.20
185°	0.05	0.00
1850-1860	0.00	0.07
1850	0.11	0.07
1850000	0.05	0.00
1851-1929	0.00	0.07
1851	0.11	0.07
1852	0.00	0.27
1853	0.05	0.00
1854	0.00	0.14
1855	0.00	0.07
1856	0.05	0.20
1857	0.00	0.20
1858	0.00	0.14
1859	0.11	0.27
186	0.11	0.27
1860-1925	0.00	0.07
1860	0.27	0.68
1861	0.11	0.27
1862	0.21	0.34
1863	0.16	0.14
1864-1944	0.00	0.07
1864	0.11	0.27
1865	0.37	0.00
1865à	0.05	0.00
1866 1944	0.05	0.00
1866	0.11	0.27
1867	0.16	0.47
1868	0.16	0.00
1869-1903	0.05	0.00
1869	0.16	0.14
187	0.80	0.34
1870-1871	0.00	0.07
1870	0.27	3.24
1870,9	0.00	0.07
1871	0.21	1.01
1872	0.21	0.54
1873	0.16	0.07
1874	0.05	0.14
1875	0.11	1.69
1876	0.11	0.07
1877	0.00	0.14
1878-1903	0.00	0.07
1878	0.16	0.34
1879	0.43	0.07
187e	0.05	0.00
188	0.16	0.07
1880	0.48	1.28
1881	0.11	0.27
1882	0.21	0.47
1883	0.05	0.34
1884	0.05	1.01
1885	1.17	0.41
1886	0.48	0.20
1887-1976	0.00	0.07
1887	0.21	0.20
1888	0.43	0.47
1889	0.05	0.27
189	0.00	0.14
1890	0.32	0.88
18909	0.00	0.07
1891	0.05	0.14
1892-1953	0.00	0.07
1892	0.00	0.54
1893	0.48	0.27
1894	0.16	0.20
1895	0.59	0.27
1896	0.11	0.61
1897	0.16	0.34
1898	0.43	0.34
1899	0.43	0.34
18é	0.16	0.00
18e	0.96	0.27
18eme	0.16	0.00
18ème	0.96	0.00
18h	1.97	0.00
18h45	0.05	0.00
19-	0.05	0.00
19-11	0.05	0.00
19-17	0.16	0.00
19-h	0.27	0.00
19 000	0.16	0.00
19 02	0.05	0.00
19 1	0.16	0.00
19 139	0.00	0.07
19 18 49	0.00	0.07
19 500	0.11	0.00
19	19.84	13.11
19,95	0.11	0.00
19.000	0.11	0.00
19.500	0.05	0.00
19.95	0.11	0.00
190	0.21	0.27
190°	0.05	0.00
1900-2000	0.00	0.07
1900-4	0.05	0.00
1900	0.96	4.93
1901	0.05	0.41
1902	0.05	0.34
1903	0.05	0.47
1904	0.27	0.47
19040616	0.05	0.00
1905	0.27	0.88
1906	0.21	0.47
1907	0.21	0.34
1908	0.05	0.61
1909	0.16	0.34
191 1	0.11	0.00
191	0.00	0.14
1910-1914-1940	0.00	0.07
1910-1985	0.05	0.00
1910	0.16	2.57
1911	0.32	0.27
1912	0.37	1.49
1913-1914	0.00	0.07
1913	0.11	1.35
1914-1916	0.00	0.07
1914-1918	0.00	0.41
1914-1922	0.00	0.07
1914	0.32	8.24
1915-1925	0.00	0.07
1915	0.48	0.95
1915,4	0.00	0.07
1916-1917	0.00	0.07
1916	0.48	1.28
1917	0.48	3.85
1918	0.64	4.19
1919-1920	0.00	0.14
1919	0.59	2.64
192	0.11	0.68
192,70	0.05	0.00
1920	0.53	2.64
1921	0.27	0.54
1922	0.37	1.15
19225004	0.05	0.00
1923-1928	0.00	0.07
1923	0.32	1.49
1924	0.27	1.22
1925	0.37	3.04
1926 767 500 392 100 375 400	0.00	0.07
1926	0.27	1.28
1927 743 800 379 700 364 100	0.00	0.07
1927	0.37	0.74
1928 749 300 383 600 365 700	0.00	0.07
1928	1.01	1.28
1929-1930	0.00	0.07
1929 730 100 373 000 357 100	0.00	0.07
1929	0.69	2.23
193	0.11	0.07
1930	0.53	3.11
1931	0.43	2.03
1932	0.43	1.82
1933	0.64	1.96
1934	0.48	2.23
1935	0.48	3.11
1936-1937	0.00	0.14
1936-1939	0.00	0.07
1936	0.48	4.12
1937	0.43	2.30
1938-1939	0.00	0.14
1938	0.80	7.36
1938.99,06	0.00	0.07
1939-1945	0.00	0.07
1939-1958	0.00	0.07
1939	1.22	8.51
193ème	0.05	0.00
194	0.16	0.34
1940-1941-1942	0.00	0.07
1940-1941	0.00	0.14
1940-1944	0.00	0.07
1940	1.17	21.82
1941-1942	0.00	0.07
1941	1.38	18.65
1942-43	0.00	0.14
1942	1.28	13.38
1943-1944	0.00	0.14
1943-1945	0.00	0.07
1943	0.64	13.38
1944-1945	0.00	0.20
1944-1946	0.00	0.07
1944	1.33	15.61
1945	2.18	11.35
1946	0.85	2.43
1947-1950	0.00	0.07
1947	0.69	1.96
1948-1949	0.00	0.07
1948	0.53	1.35
1949-1950	0.00	0.07
1949-1951	0.00	0.07
1949	0.69	1.62
195 1	0.05	0.00
195	0.05	0.07
1950-1951	0.00	0.07
1950-1955	0.00	0.07
1950-2000	0.37	0.00
1950	0.90	2.30
1950,3	0.00	0.07
1951	0.48	1.01
1951à	0.05	0.00
1952-1953	0.00	0.07
1952	0.90	1.69
1953	1.17	1.76
1954-1955	0.00	0.07
1954	1.01	0.41
1955	2.07	2.03
1956	0.96	1.49
1957	0.53	1.28
1958-1963	0.00	0.07
1958	1.06	0.88
1959-1960	0.00	0.07
1959	1.06	0.88
196	0.11	0.27
1960 1985	0.05	0.00
1960	1.06	1.76
1961 10 000	0.00	0.14
1961 12 000	0.00	0.07
1961	1.12	1.55
1962-1963	0.00	0.07
1962-1970	0.00	0.07
1962	1.38	1.22
1963-1964	0.00	0.07
1963 100	0.00	0.07
1963 300	0.00	0.07
1963 307,40	0.00	0.07
1963 6 000	0.00	0.14
1963 8 000	0.00	0.07
1963	2.07	1.69
1964-12	0.00	0.07
1964	0.96	1.08
1965	1.28	0.95
1966	1.33	0.74
1967-9	0.05	0.00
1967	0.69	0.81
1968-1972	0.05	0.00
1968	1.01	1.49
1969-1970	0.00	0.07
1969-1978	0.00	0.07
1969	1.33	1.08
197-734	0.05	0.00
197 4	0.16	0.00
197 5	0.05	0.00
197	0.27	0.20
1970	1.44	1.01
1971	0.90	0.88
1972-1974	0.00	0.07
1972	1.17	0.74
1973	1.12	0.88
1973?	0.05	0.00
1974	1.01	1.01
1975	1.54	0.95
1976	1.22	0.34
1977	1.01	0.68
1978	1.38	0.34
1979	1.86	0.41
197o	0.05	0.00
198	0.05	0.34
1980	1.86	0.61
1981	1.22	0.81
1982	1.17	0.34
1983	1.17	0.41
1984	0.90	0.61
1985	2.66	0.41
1985à	0.05	0.00
1986	0.80	0.20
1987	0.80	0.07
1988	1.38	0.47
1989	0.32	0.41
19897	0.05	0.00
198x	0.05	0.00
199	0.11	0.00
199.181.134	0.05	0.00
1990	1.54	0.00
1991	0.90	0.07
1992-93	0.05	0.00
1992	1.01	0.00
1993	1.01	0.07
1993à	0.05	0.00
1994	0.85	0.14
1994/95	0.05	0.00
1995	1.17	0.07
1995à	0.05	0.00
1996	1.97	0.00
1996à	0.05	0.00
1997	1.49	0.07
1997à	0.05	0.00
1998'	0.05	0.00
1998	1.86	0.00
1999	1.70	0.14
1999à	0.05	0.00
19à	0.05	0.00
19e	0.69	0.34
19ème	1.01	0.00
19h	1.06	0.00
19h10	0.05	0.00
19h30	0.11	0.00
19l12	0.05	0.00
1a	0.05	0.00
1à	0.16	0.74
1cc	0.00	0.07
1e	0.00	0.14
1er	27.13	9.39
1êre	0.11	0.00
1ére	0.21	0.00
1ere	0.74	0.07
1ère	22.02	0.00
1ere1	0.05	0.00
1eres	0.11	0.00
1ères	0.21	0.00
1ers	1.28	0.00
1f926d	0.05	0.00
1g	0.05	0.00
1h00	0.05	0.00
1il	0.05	0.00
1ks	0.00	0.27
1l43	0.11	0.00
1mn	0.27	0.00
1mn15	0.05	0.00
1ô	0.05	0.00
1o	0.11	0.27
1oo	0.11	0.00
1re	3.99	1.08
1res	0.11	0.00
1t53	0.05	0.00
1w20	0.05	0.00
1x5	0.11	0.00
2'	0.21	0.00
2- k	0.05	0.00
2-	0.16	0.00
2-0-0	0.11	0.00
2-0-1	0.05	0.00
2-0-3	0.05	0.00
2-0-5	0.16	0.00
2-0-7	0.05	0.00
2-0	0.53	0.00
2-1-0-0	0.11	0.00
2-1-0	0.05	0.00
2-1-1-1	0.05	0.00
2-1-5	0.05	0.00
2-1	0.21	0.00
2-10	0.11	0.00
2-11	0.11	0.00
2-18	0.21	0.00
2-2	0.21	0.00
2-2..	0.11	0.00
2-20	0.00	0.14
2-3-0	0.16	0.00
2-3-1	0.37	0.00
2-3-5..	0.05	0.00
2-3	0.59	0.07
2-4-0	0.16	0.00
2-4-7-8-5-0	0.16	0.00
2-4	0.11	0.00
2-5-0	0.37	0.00
2-5-5	0.11	0.00
2-5	0.21	0.00
2-6-0	0.21	0.00
2-6-5	0.16	0.00
2-6-9	0.11	0.00
2-6	0.11	0.00
2-7-0	0.32	0.00
2-7-8-0-5	0.16	0.00
2-7	0.16	0.07
2-8-5-9-0-6	0.21	0.00
2-8-5	0.11	0.00
2-8-7	0.11	0.00
2-8-9-5-0-6	0.05	0.00
2-8	0.05	0.00
2-81	0.11	0.00
2-9-5	0.05	0.00
2-9	0.16	0.00
2-90	0.05	0.00
2-b	0.11	0.00
2-d-2	0.00	0.07
2-d	0.05	0.00
2-e	0.05	0.00
2-q	0.05	0.00
2-t-s	0.05	0.00
2 0	0.05	0.00
2 00	0.16	0.00
2 000 000	0.16	0.00
2 000 602	0.05	0.00
2 000	6.17	1.15
2 1 0	0.05	0.00
2 1 00	0.05	0.00
2 1 18	0.05	0.00
2 1	0.85	0.00
2 100	0.27	0.00
2 15	0.05	0.00
2 1ème	0.05	0.00
2 200	0.05	0.00
2 221	0.05	0.00
2 225	0.00	0.07
2 235	0.00	0.07
2 238,6	0.00	0.07
2 258	0.05	0.00
2 275	0.00	0.07
2 284 000	0.05	0.00
2 300 000	0.05	0.00
2 300	0.05	0.00
2 320	0.00	0.07
2 340	0.05	0.00
2 355,2	0.00	0.07
2 356	0.00	0.07
2 4	0.43	0.00
2 40	0.11	0.00
2 400	0.32	0.14
2 4ème	0.05	0.00
2 500 000	0.16	0.00
2 500	0.80	0.07
2 503e	0.00	0.07
2 508	0.05	0.00
2 6 6 4 7 2 9 2 6 6 4 7..	0.05	0.00
2 600	0.05	0.00
2 623	0.05	0.00
2 638	0.05	0.00
2 670	0.00	0.07
2 673	0.05	0.00
2 676,5	0.00	0.07
2 7	0.11	0.00
2 700 000 000	0.05	0.00
2 700	0.11	0.14
2 715	0.00	0.07
2 724	0.00	0.07
2 750	0.11	0.00
2 750,7	0.00	0.07
2 800	0.16	0.00
2 809,6	0.00	0.07
2 838	0.00	0.07
2 879,7	0.00	0.07
2 900 000	0.00	0.07
2 900	0.11	0.00
2 988	0.05	0.00
²	0.05	0.00
2	225.00	42.64
2$	0.05	0.00
2%	0.05	0.00
2*0	0.11	0.00
2*07	0.05	0.00
2*2*3	0.11	0.00
2*67	0.16	0.00
2*ème	0.11	0.00
2,000	0.32	0.00
2,000,000	0.05	0.00
2,1	0.16	0.00
2,15	0.00	0.07
2,2	0.21	0.00
2,20	0.05	0.00
2,25	0.05	0.00
2,28	0.05	0.00
2,3	0.11	0.00
2,36	0.05	0.00
2,4	0.16	0.00
2,40	0.00	0.07
2,45	0.21	0.00
2,492	0.05	0.00
2,5	2.13	0.20
2,50	0.64	0.14
2,57	0.05	0.00
2,5m	0.05	0.00
2,6	0.11	0.00
2,60	0.05	0.07
2,600	0.00	0.07
2,618	0.00	0.14
2,65	0.05	0.00
2,7	0.16	0.00
2,70	0.00	0.07
2,75	0.16	0.00
2,8	0.16	0.00
2,80	0.05	0.00
2,800,000	0.11	0.00
2,9	0.11	0.00
2,90	0.00	0.07
2,95	0.32	0.14
2,98	0.05	0.00
2.'	0.05	0.00
2..	0.16	0.00
2...3."	0.05	0.00
2..950	0.00	0.07
2.0.0	0.05	0.00
2.0.s	0.00	0.07
2.000	0.96	0.00
2.126.410	0.05	0.00
2.135	0.05	0.00
2.154	0.00	0.27
2.2	0.05	0.00
2.2.0	0.05	0.00
2.20	0.00	0.07
2.200.000	0.11	0.00
2.21.w	0.00	0.14
2.23	0.05	0.00
2.47.w	0.00	0.07
2.5	0.27	0.00
2.50	0.05	0.00
2.500	0.05	0.00
2.6	0.05	0.00
2.65	0.11	0.00
2.700'	0.05	0.00
2.8	0.05	0.00
2.800	0.11	0.00
2.9	0.05	0.00
2.99	0.11	0.00
2/1000e	0.05	0.00
2/2	0.05	0.00
2/2à	0.05	0.00
2/3	0.80	0.00
2:45	0.05	0.00
²¨	0.05	0.00
20'	0.16	0.00
20-	0.05	0.00
20-10	0.21	0.00
20-21	0.00	0.07
20-22	0.00	0.07
20-25	0.05	0.07
20-30	0.00	0.07
20-40	0.16	0.00
20-7-8	0.05	0.00
20 000	4.79	0.47
20	115.96	17.91
20$	0.05	0.00
20%	0.05	0.00
20%ont	0.05	0.00
20%s	0.11	0.00
20%sont	0.05	0.00
20,000	0.16	0.00
20,1	0.05	0.00
20,5	0.05	0.00
20,50	0.21	0.00
20. m	0.00	0.07
20..	0.05	0.00
20.000	0.96	0.00
20.160	0.05	0.00
20/	0.05	0.00
20/10	0.11	0.00
20/20	0.32	0.00
20/5	0.05	0.00
20:00	0.05	0.00
20°	0.21	0.00
200 000	3.40	0.27
200 000e	0.00	0.07
200 001	0.11	0.00
200	27.66	3.18
200$	0.05	0.00
200$..	0.05	0.00
200%	0.05	0.00
200,000	0.21	0.00
200.000	0.69	0.00
2000 000	0.05	0.00
2000	11.60	1.89
20000	2.02	0.54
200000	0.21	0.41
2000m	0.05	0.00
2001	2.55	0.07
2002'	0.21	0.00
2002	0.85	0.14
2003	0.59	0.00
2004	0.21	0.00
2005	0.16	0.00
2006	0.16	0.00
2007	0.16	0.00
2008	0.16	0.00
2009	0.21	0.00
200a	0.05	0.00
200m	0.05	0.00
201 1	0.05	0.00
201 2	0.05	0.00
201 3	0.05	0.00
201 5	0.05	0.00
201 8	0.05	0.00
201	0.48	0.41
2010	0.21	0.00
2012	0.00	0.07
2014	0.00	0.07
2015	0.21	0.14
2016	0.21	0.00
2017	0.16	0.07
2019	0.16	0.00
202-227-0098	0.11	0.00
202	0.32	0.07
2020	0.11	0.14
2021	0.05	0.00
2022	0.05	0.00
2024	0.11	0.00
2025	0.37	0.00
2026	0.05	0.00
2027	0.05	0.00
2028	0.05	0.00
2029	0.11	0.00
203	0.27	0.47
2030	0.11	0.00
2032	0.32	0.00
2038	0.16	0.00
204	0.11	0.20
2043	0.11	0.00
2046	0.21	0.00
2047	0.05	0.00
205	0.53	0.27
2050	0.11	0.07
2054	0.11	0.00
2058	0.05	0.00
206	0.37	0.00
2061	0.00	0.07
2062,8	0.00	0.07
2063	0.05	0.00
2069107	0.05	0.00
207	0.05	0.14
2071	0.00	0.07
2073	0.05	0.00
2075	0.05	0.00
2077	0.05	0.00
208	0.37	0.54
2080	0.05	0.00
209-211	0.05	0.00
209	1.97	0.14
20é	0.05	0.00
20e	1.54	0.20
20eme	0.05	0.00
20ème	2.34	0.00
20h	1.97	0.00
20h30	0.05	0.00
20m	0.05	0.00
21'	0.00	0.07
21-0	0.05	0.00
21-22	0.00	0.07
21-23	0.00	0.07
21-45	0.00	0.07
21-8-7	0.11	0.00
21-k	0.05	0.00
21 1	0.05	0.00
21 2	0.16	0.00
21 24	0.05	0.00
21 3	0.05	0.00
21 33	0.05	0.00
21 5	0.11	0.00
21 67	0.05	0.00
21 7	0.05	0.00
21	20.21	12.09
21,000,000	0.11	0.00
21,7	0.05	0.00
21,9	0.05	0.00
21/27	0.00	0.07
21/8/98	0.05	0.00
21/87	0.05	0.00
21°	0.05	0.00
210 000	0.21	0.00
210	0.59	0.88
2100	0.11	0.07
2103	0.00	0.07
21087591	0.11	0.00
211	0.27	0.07
2112	0.05	0.00
21168	0.05	0.00
212-000-0000	0.05	0.00
212-737-3858	0.05	0.00
212	0.27	0.07
2127	0.11	0.00
212e	0.00	0.07
213	0.11	0.07
2130	0.05	0.00
2135	0.05	0.00
214	0.16	0.07
215	0.64	0.07
2150	0.05	0.00
21500	0.11	0.00
2155	0.05	0.00
216	1.22	0.07
216.000	0.05	0.00
217	0.43	0.07
21703	0.00	0.07
21703,15	0.00	0.07
2171	0.05	0.00
2173	0.05	0.00
218 616	0.00	0.07
218	0.32	0.00
218e	0.05	0.00
219	0.05	0.14
2190000	0.00	0.14
21911	0.11	0.00
21981587	0.11	0.00
2199	0.05	0.00
21é	0.16	0.00
21e	0.96	0.07
21èm	0.11	0.00
21ème	1.44	0.00
21h	1.38	0.00
22'	0.00	0.07
22 000	0.21	0.00
22 246	0.05	0.00
22	21.54	14.26
22,000,000	0.21	0.00
22,17	0.05	0.00
22,25,26..	0.05	0.00
22,46	0.11	0.00
22..18	0.00	0.14
22.000	0.16	0.00
22.7	0.05	0.00
22°	0.05	0.00
220 000	0.05	0.00
220	1.49	1.15
2200	0.21	0.07
22000	0.00	0.14
2205	0.05	0.00
2208	0.05	0.00
221 000	0.05	0.00
221	0.37	0.07
2212	0.05	0.00
221e	0.05	0.00
222	0.32	0.00
2222	0.11	0.00
223	0.48	0.07
22315	0.05	0.00
2234	0.05	0.00
2238b	0.05	0.00
224-176	0.16	0.00
224	0.11	0.20
2244	0.05	0.00
2247	0.05	0.00
225	0.59	0.81
2250	0.16	0.00
2251	0.05	0.00
2253	0.05	0.00
2258	0.05	0.00
2259	0.21	0.00
226	0.53	0.07
2260	1.44	0.00
2269	0.11	0.00
227 500	0.05	0.00
227	0.05	0.00
2274	0.16	0.00
228	0.11	0.00
229	0.16	0.00
229,66	0.05	0.00
229e	0.11	0.00
22a	0.11	0.00
22é	0.05	0.00
22e	0.48	0.07
22ème	0.32	0.00
22h	1.91	0.00
22h01	0.05	0.00
22h25	0.05	0.00
23-2 1	0.05	0.00
23-25	0.00	0.07
23-36	0.05	0.00
23-8-1902	0.00	0.07
23 000	0.16	0.14
23 7- b	0.05	0.00
23	18.83	12.64
23%s	0.05	0.00
23,000	0.05	0.00
23,000,000	0.05	0.00
23,50	0.05	0.00
23,7	0.05	0.00
23,9	0.05	0.00
23.5	0.05	0.00
23°	0.05	0.00
230	0.27	0.00
2300	0.32	0.27
2300$	0.05	0.00
23000	0.05	0.14
230000	0.05	0.07
2306	0.11	0.00
231	0.05	0.07
232	0.16	0.00
233-3000	0.05	0.00
233	0.37	0.34
234	0.05	0.07
234.65	0.00	0.07
2340	0.16	0.00
234800	0.05	0.00
235	0.43	0.07
2350	0.16	0.00
236	0.21	0.07
236.7°	0.05	0.00
2368	0.05	0.00
237-b	0.05	0.00
237	0.59	0.00
2373	0.05	0.00
2375,2	0.00	0.07
238	0.53	0.00
238.20.98	0.05	0.00
239	0.05	0.07
23d	0.00	0.07
23é	0.05	0.00
23e	0.32	0.00
23ème	1.22	0.00
23h	1.65	0.00
23h1 5	0.05	0.00
23h30	0.05	0.00
24'	0.00	0.07
24-25	0.00	0.07
24-26	0.05	0.07
24 000	0.16	0.00
24 1	0.05	0.00
24 562	0.05	0.00
24	36.06	13.65
24$	0.05	0.00
24%	0.05	0.00
24,95	0.05	0.00
24...26...28..	0.05	0.00
24/24	0.11	0.00
24/24h	0.05	0.00
24°	0.05	0.00
240 000	0.05	0.00
240	0.96	0.07
2400	0.21	0.20
24000	0.00	0.07
240000	0.05	0.00
2401	0.11	0.00
2404	0.05	0.00
241	0.21	0.07
2410,2	0.00	0.07
2415	0.05	0.00
242	0.21	0.00
2424	0.05	0.00
243	0.43	0.00
244	0.05	0.00
245	0.16	0.00
2450	0.05	0.00
2455	0.05	0.00
2459	0.05	0.00
246	0.11	0.07
246,85	0.00	0.07
247 000	0.05	0.00
247	0.11	0.07
2476	0.05	0.00
248	0.11	0.07
2486	0.05	0.00
249	0.16	0.00
24e	0.11	0.27
24ème	0.32	0.00
24h	1.91	0.00
25'	0.05	0.00
25-12	0.05	0.00
25-28	0.00	0.07
25-30	0.11	0.07
25-8-58	0.00	0.07
25-99	0.05	0.00
25 0	0.11	0.00
25 000	3.09	0.20
25 086	0.00	0.07
25	35.69	15.20
25,000	0.05	0.00
25,000,000	0.05	0.00
25,50	0.05	0.00
25.000	0.48	0.00
25°	0.11	0.00
250 00	0.05	0.00
250 000	2.66	0.07
250	5.11	0.95
250,000	0.16	0.00
250..	0.05	0.00
250.000	0.27	0.00
2500	0.85	0.34
25000	1.22	0.27
250000	0.37	0.20
250e	0.00	0.07
251	0.05	0.14
251ème	0.05	0.00
253	0.11	0.07
254	0.05	0.00
255	0.16	0.14
256	0.11	0.00
2560	0.05	0.00
2562	0.05	0.00
2571	0.05	0.00
2579697	0.00	0.07
258	0.05	0.00
259	0.11	0.00
259.10.3	0.05	0.00
25e	0.43	0.07
25ème	1.33	0.00
25j	0.05	0.00
25k	0.05	0.00
26'5"	0.05	0.00
26-29	0.00	0.07
26-3-82	0.00	0.07
26-7	0.05	0.00
26 000	0.32	0.00
26 19	0.05	0.00
26 459	0.05	0.00
26	9.84	9.53
26,50	0.05	0.00
26..	0.05	0.00
26.000	0.05	0.00
26.06.56	0.05	0.00
26.12.1966	0.05	0.00
26.2.43	0.05	0.00
26/8/58. j..o	0.00	0.07
26°	0.05	0.00
260 000	0.11	0.00
260	0.43	0.00
260°	0.05	0.00
2600	0.05	0.00
261	0.16	0.00
26168	0.16	0.00
2618	0.05	0.00
262	0.05	0.00
2629,2	0.00	0.07
263	0.11	0.00
26316	0.21	0.00
26354	0.16	0.00
264	0.16	0.07
2640	0.11	0.00
265	0.11	0.00
265.573	0.05	0.00
2652	0.05	0.00
266	0.05	0.07
2675	0.21	0.00
26800	0.05	0.00
268379-e	0.05	0.00
26892	0.05	0.00
269.000	0.05	0.00
2691	0.05	0.00
26e	0.00	0.07
26ème	0.21	0.00
27-15	0.05	0.00
27-28	0.00	0.07
27-32	0.00	0.07
27 000	0.11	0.07
27 1 6057	0.11	0.00
27 4	0.11	0.00
27 800	0.05	0.00
27	9.20	11.82
27,5	0.05	0.00
27..	0.05	0.00
27.000	0.05	0.00
27/2/75	0.05	0.00
27°	0.21	0.00
270 000	0.00	0.07
270	1.17	0.14
2700	0.11	0.00
27000	0.11	0.00
2700000	0.00	0.07
2702	0.00	0.07
2707	0.00	0.07
271 49	0.05	0.00
271	0.05	0.00
2710	0.05	0.00
272	0.05	0.00
2720	0.05	0.00
273	0.11	0.07
274	0.05	0.00
274001	0.05	0.00
275 000	0.05	0.00
275	0.43	0.00
2758	0.16	0.00
276 000	0.05	0.00
277	0.05	0.07
2779	0.05	0.00
278 78 78	0.00	0.07
2780	0.05	0.00
2783	0.00	0.07
279	0.11	0.00
27à	0.05	0.00
27é	0.05	0.00
27e	0.32	0.27
27ème	0.32	0.00
28-29	0.00	0.07
28 000	0.05	0.00
28 200	0.05	0.00
28 800	0.05	0.00
28	10.69	12.09
28%	0.05	0.00
28,7	0.05	0.00
28...27...26..	0.05	0.00
28.1	0.05	0.00
28/	0.05	0.00
28/11/96	0.05	0.00
28°	0.05	0.00
280 000	0.11	0.00
280	0.80	0.34
280.000	0.05	0.00
2800	0.00	0.20
28000	0.11	0.00
2801	0.11	0.00
281	0.05	0.07
2811	0.05	0.00
282 000	0.16	0.00
283	0.00	0.07
2835	0.05	0.00
28371	0.05	0.00
284 000	0.11	0.00
284 600	0.21	0.00
284°	0.05	0.00
2841	0.05	0.00
285 000	0.05	0.00
285 1	0.05	0.00
285	0.21	0.07
285°	0.05	0.00
2851	0.05	0.00
286	0.05	0.00
2862,6	0.00	0.07
287	0.00	0.07
288	0.00	0.27
289	0.16	0.00
2890	0.05	0.00
28é	0.05	0.00
28e	0.11	0.07
28ème	0.90	0.00
29-1	0.05	0.00
29 000	0.16	0.00
29 450	0.05	0.00
29 700	0.05	0.00
29 8 79	0.05	0.00
29	6.97	8.51
29,95	0.05	0.00
29,99	0.05	0.00
29..	0.05	0.00
29.212	0.05	0.00
29.95	0.05	0.00
290	0.37	0.20
2900	0.05	0.00
290000	0.05	0.00
2906	0.05	0.00
291	0.00	0.14
2911	0.05	0.00
2920	0.05	0.00
293	0.11	0.00
294 000	0.05	0.00
294	0.16	0.00
2940	0.05	0.00
295	0.21	0.00
296 100	0.05	0.00
296	0.05	0.00
297	0.16	0.00
298	0.11	0.00
299	0.05	0.00
2999	0.05	0.00
29é	0.05	0.00
29e	0.11	0.20
29ème	0.11	0.00
2à	0.05	0.00
2a	0.21	0.07
2ans	0.05	0.00
2b	0.21	0.14
2c	0.11	0.00
2cv	0.05	0.07
2d	1.01	0.00
2e	13.35	2.64
2eme	0.21	0.07
2ème	20.74	0.00
2emes	0.05	0.00
2èmes	0.05	0.00
2es	0.11	0.00
2femmes	0.05	0.00
2g	0.00	0.07
2h	3.19	0.00
2h00	0.32	0.00
2h10	0.05	0.00
2h20	0.11	0.00
2h30	1.12	0.00
2h45	0.05	0.00
2h47	0.05	0.00
2j5ème	0.05	0.00
2jours	0.05	0.00
2juin	0.05	0.00
2jz	0.05	0.00
2kg	0.16	0.00
2km	0.16	0.00
2l3	0.05	0.00
2m	0.32	0.00
2m³	0.05	0.00
2m50	0.16	0.00
2mn	0.37	0.00
2n	0.43	0.00
2nd	0.96	0.00
2o	0.21	0.00
2o32	0.05	0.00
2p	0.05	0.00
2r2	0.05	0.00
2r7	0.05	0.00
2s	0.05	0.00
2vad2	0.05	0.00
2xd341	0.05	0.00
3'	0.11	0.00
3- 14	0.05	0.00
3- 60	0.05	0.00
3-	0.05	0.00
3-0-0-1	0.11	0.00
3-0-2	0.05	0.00
3-0-5	0.05	0.00
3-0	0.16	0.00
3-1-0	0.11	0.00
3-1-5	0.37	0.00
3-1-6-5-9-3-6	0.05	0.00
3-1-7	0.21	0.00
3-1 4	0.27	0.00
3-1	0.05	0.00
3-15	0.11	0.00
3-2-1	0.05	0.00
3-2-6- 	0.05	0.00
3-2-7	0.05	0.00
3-2	0.16	0.00
3-20-58	0.05	0.00
3-21	0.05	0.00
3-3-0	0.05	0.00
3-3	0.16	0.00
3-37	0.05	0.00
3-4	0.16	0.07
3-5-0	0.05	0.00
3-5-2	0.05	0.00
3-5-8	0.05	0.00
3-5	0.16	0.00
3-6-9	0.05	0.00
3-6	0.11	0.00
3-7-0-8	0.05	0.00
3-7-10	0.05	0.00
3-7	0.05	0.00
3-73-99	0.05	0.00
3-8-5	0.05	0.00
3-b	0.05	0.00
3-c	0.05	0.00
3-d	0.64	0.00
³­ ³¡³µ¾	0.05	0.00
³­ º	0.05	0.00
3 0	0.05	0.00
3 000	4.04	0.47
3 003	0.05	0.00
3 031	0.00	0.07
3 1 3	0.32	0.00
3 1	0.00	0.20
3 200	0.21	0.00
3 234	0.00	0.07
3 268 121	0.05	0.00
3 271	0.05	0.00
3 3	0.00	0.07
3 332	0.00	0.07
3 4	0.05	0.00
3 500	0.27	0.14
3 600	0.05	0.00
3 628 800	0.00	0.07
3 655	0.05	0.00
3 700	0.00	0.07
3 796 466	0.05	0.00
3 800 000	0.05	0.00
3 950	0.05	0.00
3 955	0.05	0.00
³	0.16	0.00
3	180.00	28.92
3,00	0.00	0.07
3,000	0.37	0.00
3,08m	0.11	0.00
3,10	0.00	0.07
3,15	0.00	0.07
3,16	0.05	0.00
3,2	0.05	0.00
3,2,1	0.05	0.00
3,20	0.00	0.07
3,3	0.05	0.00
3,4	0.21	0.00
3,47	0.05	0.00
3,5	0.85	0.07
3,50	0.43	0.27
3,6	0.27	0.00
3,60	0.05	0.00
3,65	0.05	0.00
3,7	0.05	0.07
3,75	0.11	0.00
3,85	0.05	0.00
3,90	0.05	0.07
3,95	0.05	0.00
3,99	0.21	0.00
3.'	0.05	0.00
3.. 6.. 0	0.05	0.00
3...2	0.05	0.00
3...2..	0.05	0.00
3...2...1	0.05	0.00
3..28..23	0.00	0.07
3.0	0.05	0.00
3.000	0.69	0.00
3.14.w	0.00	0.07
3.211	0.00	0.07
3.25	0.05	0.00
3.5	0.16	0.00
3.500	0.11	0.00
3.57	0.05	0.00
3.57..	0.05	0.00
3.75	0.11	0.00
3/0	0.05	0.00
3/16	0.00	0.07
3/28	0.11	0.00
3/4	0.59	0.07
3/5	0.05	0.07
3/5e	0.05	0.00
3/6	0.05	0.00
3/6.26	0.00	0.07
3/8	0.05	0.00
³¡	0.05	0.00
³¡³µ¾	0.05	0.00
³¯ ¸¸	0.05	0.00
³¯	0.05	0.00
³» ¸» µ	0.05	0.00
³»	0.11	0.00
³»´	0.05	0.00
³× ¹	0.05	0.00
³×³	0.16	0.00
3°	0.21	0.00
3°c	0.05	0.00
30'	0.11	0.00
30-0	0.05	0.00
30-06	0.05	0.00
30-155	0.05	0.00
30-3-55	0.05	0.00
30-30	0.05	0.00
30-35	0.16	0.00
30-40	0.05	0.00
30-60	0.05	0.00
30 000	2.61	0.54
30 006	0.05	0.00
30 444	0.00	0.07
30 500	0.11	0.00
30 973	0.05	0.00
30	98.94	19.32
30"	0.05	0.00
30"?	0.05	0.00
30$	0.05	0.00
30%	0.05	0.00
30%.20	0.05	0.00
30%sur	0.05	0.00
30,000	0.96	0.00
30,2	0.05	0.00
30.000	0.96	0.00
30.54	0.00	0.07
30_64'	0.05	0.00
30°	0.48	0.00
300-600	0.05	0.00
300 000	2.29	0.20
300	22.18	2.43
300,000	0.11	0.00
300.000	0.80	0.00
300/secon	0.05	0.00
3000	6.49	1.08
3000°	0.05	0.00
3000€	0.05	0.00
30000	0.85	0.41
300000	0.32	0.34
3001	0.05	0.00
300ème	0.16	0.00
300m	0.11	0.00
301 7	0.05	0.00
301	0.32	0.61
301.446-1808	0.11	0.00
3010	0.05	0.00
3016	0.05	0.00
3017	0.05	0.00
302	0.64	0.27
302,57	0.05	0.00
302. d	0.00	0.07
302.5	0.05	0.00
3028	0.05	0.00
303	1.06	0.07
3033	0.00	0.07
303e	0.00	0.07
304	0.53	0.34
3044	0.05	0.00
305	0.16	0.27
306	0.37	0.14
307	0.05	0.14
30773	0.00	0.07
308 563	0.05	0.00
308	0.27	0.07
309	0.37	0.07
3092	0.05	0.00
30é	0.05	0.00
30e	0.11	0.00
30ème	0.64	0.00
30h	0.05	0.00
30m	0.05	0.00
31-10-81	0.05	0.00
31-20	0.05	0.00
31-7-1881	0.00	0.07
31 0	0.11	0.00
31 2	0.05	0.00
31 259	0.16	0.00
31 5	0.05	0.00
31 6	0.11	0.00
31 90	0.05	0.00
31	6.70	6.08
31,000	0.16	0.00
31,3	0.00	0.07
31,5	0.11	0.00
31,50	0.00	0.07
310	0.37	0.27
3100	0.05	0.00
31000	0.05	0.00
311	0.05	0.20
3111	0.11	0.00
3113	0.05	0.00
3118	0.05	0.00
311x	0.05	0.00
312	0.32	0.00
313	0.27	0.07
314	0.74	0.07
314s	0.05	0.00
315	0.11	0.07
316	0.16	0.00
317	0.16	0.07
318	0.32	0.00
31854	0.05	0.00
319	0.00	0.14
31c	0.05	0.00
31e	0.00	0.07
31é	0.05	0.00
31ème	0.16	0.00
31ères	0.05	0.00
32'	0.05	0.00
32-17-25	0.05	0.00
32-33	0.05	0.00
32-58-78	0.11	0.00
32-73	0.05	0.00
32 000	0.32	0.00
32 400	0.11	0.00
32 500	0.00	0.07
32	7.18	2.03
32,000	0.05	0.00
32,5	0.11	0.00
32,6	0.05	0.00
32.000	0.27	0.00
32°	0.05	0.00
320 000	0.21	0.00
320	0.90	0.27
3200	0.11	0.07
32000	0.11	0.00
320000	0.00	0.07
3209	0.05	0.00
321	0.48	0.07
3210	0.00	0.14
3212	0.00	0.07
3217	0.00	0.07
321e	0.21	0.00
322	0.32	0.07
3221-3757	0.05	0.00
323	0.21	0.07
324	0.21	0.27
325	0.21	0.07
325ème	0.11	0.00
326	0.05	0.07
326ème	0.05	0.00
327	0.21	0.07
328	0.05	0.00
329	0.21	0.00
329,7	0.05	0.00
32a	0.05	0.00
32é	0.11	0.00
32e	0.11	0.20
32ème	0.43	0.00
33'	0.05	0.00
33 000	0.21	0.00
33	5.90	2.77
33%sont	0.11	0.00
33,4	0.05	0.00
33°	0.11	0.00
330-155	0.05	0.00
330	0.59	0.07
33000	0.00	0.07
330417291599	0.05	0.00
331	0.05	0.14
3312	0.05	0.00
332	0.11	0.07
3320	0.05	0.00
333	0.21	0.27
334-	0.05	0.00
334	0.00	0.07
335	0.05	0.00
336	0.05	0.07
337	0.05	0.14
338	0.00	0.07
33840	0.00	0.07
33a	0.05	0.00
33e	0.43	0.00
33ème	0.74	0.00
34-5-27	0.05	0.00
34-r	0.05	0.00
34 223	0.05	0.00
34 30 44	0.05	0.00
34	4.63	1.89
34,000	0.05	0.00
34,5	0.05	0.00
34,50	0.05	0.00
34...36..	0.05	0.00
34.95	0.05	0.00
340 000	0.05	0.07
340	0.11	0.27
3400	0.05	0.07
341	0.05	0.07
3410	0.05	0.00
3417	0.11	0.00
342	0.11	0.07
343	1.17	0.14
3434	0.05	0.00
344	0.00	0.07
346	0.11	0.00
346e	0.05	0.00
347	0.21	0.20
34762	0.05	0.00
348-5	0.05	0.00
348-844	0.05	0.00
348	0.05	0.61
34a	0.05	0.00
34ème	0.27	0.00
35-40	0.05	0.07
35 000	0.85	0.07
35 200	0.00	0.07
35 802	0.05	0.00
35 934	0.05	0.00
35	13.09	2.30
35,000	0.11	0.00
35,2	0.05	0.00
35,6	0.05	0.00
35.000	0.27	0.00
35°	0.11	0.00
350 000	0.21	0.00
350	2.23	0.74
3500	0.59	0.00
35000	0.05	0.27
350000	0.05	0.14
350k	0.05	0.00
351	0.05	0.00
3519	0.11	0.00
35199	0.00	0.07
352	0.05	0.00
353 000	0.00	0.07
353	0.05	0.00
354	0.00	0.07
355	0.05	0.07
356	0.05	0.07
357	0.74	0.14
358	0.00	0.07
35e	0.16	0.20
35ème	0.27	0.00
36-1 5	0.05	0.00
36 000	0.11	0.00
36	7.50	3.85
36.052	0.16	0.00
36.7.s	0.00	0.07
36°	0.05	0.00
360 000	0.11	0.00
360	1.17	0.34
360°	0.11	0.00
3600	0.16	0.07
361 5-je-crève	0.05	0.00
361	0.00	0.07
3613	0.05	0.00
3615	0.16	0.00
362 880	0.00	0.07
362 9296	0.05	0.00
362	0.05	0.00
363	0.05	0.00
363ème	0.05	0.00
364	0.27	0.00
3642	0.00	0.07
365	0.43	0.20
366	0.00	0.07
3662	0.05	0.00
3669	0.00	0.07
367	0.16	0.00
368	0.11	0.20
3680	0.05	0.00
369-5347	0.05	0.00
369	0.05	0.00
369e	0.05	0.00
36e	0.27	0.00
36ème	0.11	0.00
36èmejour	0.05	0.00
36h	0.21	0.00
37-3	0.05	0.00
37-38	0.00	0.07
37 000	0.11	0.00
37 1 35	0.05	0.00
37 1	0.05	0.00
37	5.27	1.82
37.32.n	0.00	0.07
37°	0.16	0.00
370 000	0.05	0.00
370	0.05	0.00
37180	0.00	0.07
372	0.00	0.34
3720	0.05	0.00
373	0.11	0.00
37422	0.05	0.00
375	0.37	0.07
3752-4460	0.05	0.00
375ème	0.11	0.00
3774	0.05	0.00
378	0.16	0.00
379	0.05	0.14
37e	0.05	0.07
37ème	0.11	0.00
38-39	0.00	0.14
38 000	0.11	0.00
38 295	0.00	0.07
38 500	0.05	0.00
38 55	0.11	0.00
38	7.93	4.93
38,3	0.05	0.00
38,8	0.05	0.00
38,8°	0.11	0.00
38,96	0.05	0.00
38..	0.16	0.00
38..."	0.05	0.00
38°	0.05	0.00
380	0.43	0.14
380.000	0.05	0.00
3800	0.21	0.00
380000	0.05	0.00
38091	0.05	0.00
381	0.16	0.07
382	0.05	0.07
3821	0.05	0.00
383	0.00	0.14
3839	0.05	0.00
384	0.16	0.00
38467	0.00	0.07
385 000	0.00	0.07
3851	0.05	0.00
386	0.00	0.07
3860	0.05	0.00
38640	0.11	0.00
387	0.21	0.00
3871	0.00	0.07
38723	0.05	0.00
3888	0.11	0.00
38e	0.11	0.00
38eme	0.05	0.00
38ème	0.16	0.00
39-30l	0.05	0.00
39-40	0.11	0.14
39-45	0.43	0.14
39 49	0.05	0.00
39 916 800	0.00	0.07
39 999,95	0.05	0.00
39	3.09	4.53
39,2	0.00	0.07
39,43	0.05	0.00
39,5	0.00	0.07
39,60	0.21	0.00
39/5	0.00	0.07
39_14'	0.05	0.00
39_27'	0.05	0.00
39°	0.05	0.00
390	0.00	0.07
3900	0.16	0.00
3901	0.11	0.00
3903	0.11	0.00
391	0.00	0.07
39180	0.05	0.00
392 8098	0.05	0.00
392	0.05	0.00
3924	0.05	0.00
394-15	0.05	0.00
394	0.00	0.07
3940	0.05	0.00
395	0.11	0.00
3950	0.11	0.00
3951	0.05	0.00
3955	0.05	0.00
397-6557	0.05	0.00
397	0.05	0.14
3974	0.00	0.07
3982	0.05	0.00
399	0.05	0.07
39900	0.00	0.07
39a	0.05	0.00
39e	0.16	0.07
39ème	0.05	0.00
3a	0.11	0.00
³ª	0.16	0.00
³ª¹« ¼	0.05	0.00
3ans	0.05	0.00
3b	0.11	0.00
3c	0.21	0.00
3cm	0.05	0.00
3d	2.71	0.00
3é	0.16	0.00
3e	9.95	2.84
3éme	0.11	0.00
3eme	0.27	0.20
3ème	15.21	0.00
3èmes	0.16	0.00
3h	2.82	0.00
3h00	0.32	0.00
3h05	0.21	0.00
3h15	0.16	0.00
3h20	0.05	0.00
3h30	0.48	0.00
3h36	0.05	0.00
3h42	0.05	0.00
3h45	0.05	0.00
3j	0.05	0.00
3jours	0.05	0.00
3kg	0.05	0.00
3kg200	0.05	0.00
3km	0.21	0.00
3l	0.00	0.07
3m	0.16	0.00
3mn	0.05	0.00
3mois	0.05	0.00
3o	0.21	0.00
3oo	0.05	0.00
3p	0.05	0.00
3po	0.53	0.00
3rd	0.05	0.00
3t	0.05	0.00
3v	0.05	0.00
3x	0.05	0.07
3x15	0.05	0.00
3x4	0.11	0.00
4'	0.11	0.00
4- 1	0.00	0.07
4-	0.05	0.00
4-0	0.05	0.00
4-1	0.05	0.00
4-10	0.05	0.00
4-23	0.00	0.07
4-3-3-2	0.05	0.00
4-3	0.11	0.00
4-37	0.05	0.00
4-4	0.11	0.00
4-40	0.05	0.00
4-5-4-7-2	0.16	0.00
4-5-7-2	0.05	0.00
4-5620	0.05	0.00
4-6-3	0.05	0.00
4-6-9	0.05	0.00
4-6	0.05	0.00
4-7-2	0.05	0.00
4-7-3	0.05	0.00
4-7	0.05	0.07
4-b	0.05	0.00
4 0	0.05	0.00
4 000 000	0.05	0.00
4 000	2.07	0.00
4 051	0.00	0.07
4 1	0.37	0.00
4 100	0.05	0.00
4 200	0.11	0.00
4 256	0.05	0.00
4 2ème	0.05	0.00
4 400	0.05	0.00
4 500 000	0.00	0.07
4 500	0.16	0.20
4 700	0.16	0.00
4 800	0.05	0.00
4 834	0.05	0.00
4 970	0.05	0.00
4	105.90	30.74
4,00	0.00	0.07
4,000	0.16	0.00
4,05	0.05	0.00
4,2	0.11	0.14
4,20	0.11	0.00
4,25	0.11	0.00
4,3	0.27	0.00
4,4	0.05	0.00
4,45	0.05	0.00
4,5	0.32	0.07
4,50	0.16	0.07
4,500	0.05	0.00
4,52	0.05	0.00
4,6	0.11	0.00
4,600	0.05	0.00
4,70	0.05	0.00
4,8	0.11	0.00
4,80	0.05	0.00
4,9	0.05	0.00
4,95	0.05	0.00
4,99	0.16	0.00
4,995	0.05	0.00
4..	0.16	0.00
4..807	0.00	0.07
4..810	0.00	0.07
4.0	0.05	0.00
4.000	0.43	0.00
4.000.000	0.21	0.00
4.1	0.11	0.00
4.21	0.00	1.22
4.5	0.11	0.00
4.52	0.05	0.00
4.540.536.000	0.05	0.00
4.6	0.11	0.00
4.7	0.05	0.00
4.75	0.05	0.00
4.8	0.05	0.00
4/1	0.11	0.00
4/14	0.00	0.07
4/20	0.05	0.00
4/4	0.00	0.07
4/7	0.00	0.07
4°	0.16	0.00
4°c	0.05	0.00
4€	0.05	0.00
40'	0.05	0.00
40-15	0.11	0.00
40-41	0.05	0.00
40-42	0.00	0.07
40-45	0.05	0.07
40-60	0.05	0.00
40 000	1.65	0.14
40 11	0.05	0.00
40 320	0.00	0.07
40	39.20	9.53
40%	0.16	0.00
40,000	0.16	0.00
40,5	0.05	0.00
40,8	0.05	0.00
40. d	0.00	0.07
40.000	0.37	0.00
40.120.000	0.05	0.00
40.20.n	0.00	0.07
40.43	0.05	0.00
40.73.29	0.05	0.00
40.8	0.05	0.00
40°	0.21	0.00
400 000	1.44	0.47
400	13.51	1.28
400,00	0.05	0.00
400,000	0.16	0.00
400.000	0.16	0.00
400°	0.05	0.00
4000	3.03	0.61
40000	0.69	0.14
400000	0.11	0.07
4000000	0.05	0.00
400m	0.11	0.00
401	0.11	0.00
402	0.11	0.27
403	0.27	2.03
404 555 7332	0.05	0.00
404	0.32	1.15
404953-c	0.11	0.00
404953	0.05	0.00
405	0.48	0.27
405ème	0.05	0.00
406	0.43	0.14
407	0.05	0.00
4072	0.05	0.00
4077	0.05	0.00
4077e	0.05	0.00
4077ème	0.16	0.00
4079	0.05	0.00
408	0.16	0.00
409	0.27	0.00
40e	0.11	0.07
40ème	0.59	0.00
40m	0.05	0.00
41-05	0.05	0.00
41-42	0.00	0.07
41-a	0.05	0.00
41 000	0.05	0.00
41 1	0.16	0.00
41 16	0.05	0.00
41 5	0.11	0.00
41 7	0.05	0.00
41	3.35	3.18
41%s	0.05	0.00
41,5	0.11	0.00
41°	0.11	0.00
410	0.05	0.14
4107	0.05	0.00
411	0.16	0.07
411275	0.05	0.00
412	0.37	0.07
413	0.16	0.07
414	0.32	0.00
415	0.16	0.20
416-1920	0.05	0.00
416	0.11	0.00
417	0.16	0.00
418	0.05	0.07
41982	0.05	0.00
41e	0.11	0.00
41eme	0.05	0.00
41ème	0.05	0.00
42-07	0.00	0.14
42-14	0.05	0.00
42-399	0.05	0.00
42-43	0.00	0.07
42-k	0.05	0.00
42 000	0.16	0.00
42	7.13	3.38
42%	0.05	0.00
42,50	0.11	0.00
42,57	0.05	0.00
42. m	0.05	0.00
420 000	0.11	0.00
420	0.05	0.00
4200	0.05	0.07
421 5	0.05	0.00
421 75 96	0.05	0.00
421	0.05	0.54
4212e	0.05	0.00
422	0.11	0.07
423	0.05	0.00
424	0.11	0.00
4241	0.05	0.00
425 000	0.05	0.00
425	0.21	0.00
426	0.05	0.00
427	0.11	0.00
4281	0.00	0.07
42930	0.00	0.07
42e	0.32	0.27
42eme	0.05	0.00
42ème	0.37	0.00
42nd	0.05	0.00
43-44	0.00	0.20
43-54	0.00	0.07
43 000	0.21	0.00
43 700	0.05	0.00
43 77	0.00	0.07
43	3.78	2.50
43,3	0.16	0.00
43,3.43,6	0.05	0.00
430	0.16	0.14
4300	0.11	0.07
431 5997	0.05	0.00
431	0.11	0.07
432	0.21	0.07
4326	0.00	0.07
433	0.05	0.07
434	0.05	0.00
4343	0.05	0.00
435	0.05	0.00
435,3	0.00	0.07
436747-d	0.05	0.00
437	0.27	0.07
438 476	0.05	0.00
438	0.05	0.00
439	0.11	0.00
4392	0.05	0.00
4393	0.05	0.00
43e	0.16	0.00
43ème	0.16	0.00
44-45	0.00	0.27
44 1	0.21	0.00
44	5.90	5.68
44.35.e	0.00	0.07
44/91	0.05	0.00
440	0.21	0.07
441	0.05	0.00
442	0.21	0.00
443	0.32	0.00
444	0.48	0.14
444ème	0.11	0.00
445	0.11	0.00
445529	0.05	0.00
447	0.05	0.00
44771	0.05	0.00
448	0.11	0.00
44e-8e	0.05	0.00
44e	0.32	0.20
44ème	0.21	0.00
45-20	0.05	0.00
45-46	0.00	0.07
45-72	0.05	0.00
45 000	0.32	0.00
45 3	0.05	0.00
45 782	0.05	0.00
45 84 32 53	0.05	0.00
45	19.41	7.57
45,6	0.05	0.00
45.000	0.05	0.00
45°	0.37	0.00
450 000	0.11	0.00
450	1.22	0.20
450.000	0.05	0.00
450.400	0.05	0.00
4500	0.48	0.07
45000	0.05	0.00
450000	0.05	0.00
451	0.11	0.00
452	0.05	0.00
45386	0.05	0.00
454-8000	0.05	0.00
454-9554	0.05	0.00
454	0.11	0.00
4543	0.05	0.00
455	0.11	0.07
456	0.05	0.00
456.855	0.11	0.00
457-02	0.05	0.00
457	0.16	0.07
4574	0.21	0.00
4575	0.05	0.00
458	0.05	0.20
459	0.05	0.00
45e	0.05	0.07
45ème	0.27	0.00
46-964	0.05	0.00
46 1	0.05	0.00
46 7n	0.05	0.00
46	3.14	1.76
46.000	0.05	0.00
460 000	0.05	0.00
460	0.11	0.00
4600	0.05	0.00
461 0192	0.05	0.00
461	0.11	0.00
462	0.05	0.00
463	0.05	0.00
466	0.11	0.00
4667	0.05	0.00
467	0.21	0.07
46751	0.16	0.00
468	0.00	0.07
469-6151	0.05	0.00
469	0.11	0.14
46e	0.05	0.07
46ème	0.16	0.00
47-20	0.05	0.00
47-b	0.05	0.00
47 000	0.05	0.00
47	5.43	5.20
47,80	0.00	0.07
47.2	0.05	0.00
47°	0.05	0.00
47€	0.05	0.00
470	0.11	0.07
47000	0.05	0.00
470000	0.00	0.14
471-4421	0.05	0.00
471	0.00	0.07
4711	0.05	0.00
472	0.11	0.00
4722	0.05	0.00
473	0.05	0.00
474	0.00	0.07
4747	0.05	0.00
475-2598	0.05	0.00
475 000	0.16	0.00
475	0.21	0.00
4766	0.00	0.07
478	0.11	0.07
479 001 600	0.00	0.07
479	0.00	0.07
47e	0.05	0.00
47ème	0.37	0.00
47s	0.05	0.00
48'	0.00	0.07
48-49	0.00	0.07
48-74-39-20-11-79-22-91	0.05	0.00
48 1	0.11	0.00
48	10.21	3.11
48°	0.11	0.00
480	0.21	0.27
4800	0.21	0.00
48000	0.11	0.00
482	0.05	0.00
4821 4.5	0.05	0.00
4823	0.05	0.00
483	0.21	0.07
484	0.05	0.00
48423.2	0.05	0.00
485 000	0.11	0.00
485/8	0.05	0.00
486 9580	0.05	0.00
486	0.21	0.00
487	0.05	0.00
48721	0.11	0.00
489	0.05	0.00
48e	0.11	0.07
48ème	0.32	0.00
48h	0.59	0.00
49-50	0.00	0.07
49 000	0.05	0.00
49	2.93	1.49
49,50	0.05	0.00
49,90	0.00	0.07
49,95	0.11	0.00
49.48.n	0.00	0.07
49°	0.05	0.00
490	0.16	0.00
4900	0.11	0.00
491	0.11	0.00
492 000	0.05	0.00
492	0.05	0.00
493	0.16	0.00
4968	0.05	0.00
499	0.05	0.00
49e	0.21	0.20
49ème	0.11	0.00
49ers	0.11	0.00
4a	0.16	0.07
4b	0.69	0.00
4c	0.11	0.00
4c3	0.05	0.00
4d	0.05	0.00
4é	0.16	0.00
4e	4.15	1.28
4eb	0.00	0.14
4eme	0.05	0.00
4ème	7.13	0.00
4èmes	0.05	0.00
4f	0.05	0.00
4h	2.66	0.00
4h30	0.90	0.00
4h45	0.11	0.00
4h50	0.05	0.00
4h59	0.05	0.00
4jours	0.21	0.00
4juillet	0.05	0.00
4l	0.00	0.07
4m	0.05	0.00
4mn	0.05	0.00
4oo	0.11	0.00
4p	0.05	0.00
4x4	1.54	0.00
4yya	0.00	0.07
5'	0.16	0.00
5-	0.05	0.00
5-0-5-7	0.11	0.00
5-0	0.21	0.00
5-1	0.11	0.00
5-11	0.00	0.07
5-14	0.00	0.07
5-4-4	0.05	0.00
5-4-5	0.05	0.00
5-4	0.05	0.34
5-5-5-l-o-v-e	0.05	0.00
5-5	0.05	0.00
5-6-8	0.05	0.00
5-6	0.11	0.00
5-7-10	0.05	0.00
5-7-2-4-1	0.05	0.00
5-8	0.00	0.07
5-9	0.05	0.00
5 000 000	0.11	0.00
5 000	7.55	0.74
5 000..	0.05	0.00
5 003	0.05	0.00
5 040	0.00	0.07
5 1	0.11	0.07
5 17	0.05	0.00
5 1ème	0.05	0.00
5 300	0.00	0.07
5 426	0.05	0.00
5 50	0.05	0.00
5 500	0.27	0.00
5 570	0.05	0.00
5 600	0.05	0.07
5 700	0.00	0.07
5 802	0.00	0.07
5 923,76	0.05	0.00
5	145.64	22.09
5,00	0.11	0.00
5,000	0.16	0.00
5,000,000	0.05	0.00
5,12	0.00	0.07
5,2	0.11	0.00
5,3	0.00	0.07
5,4	0.11	0.00
5,5	0.16	0.07
5,5m	0.05	0.00
5,7	0.05	0.00
5,90	0.05	0.00
5,99	0.05	0.00
5..	0.11	0.00
5...4	0.05	0.00
5.0	0.21	0.00
5.0..	0.05	0.00
5.00	0.05	0.00
5.000'	0.05	0.00
5.000	1.22	0.00
5.1. ..	0.05	0.00
5.3	0.05	0.00
5.3.e	0.00	0.07
5.50	0.05	0.00
5.6	0.05	0.00
5.75	0.16	0.00
5.7m	0.05	0.00
5.8	0.16	0.00
5.9.w	0.00	0.07
5/01	0.05	0.00
5/10	0.05	0.00
5/2	0.05	0.00
5/28	0.00	0.07
5/5	0.43	0.00
5/8	0.05	0.00
5/8ème	0.05	0.00
5:32."	0.05	0.00
5£	0.05	0.00
5°	0.16	0.00
50-	0.11	0.00
50-50	0.74	0.00
50-50.50-	0.05	0.00
50-60	0.05	0.00
50 000	7.39	0.34
50 50	0.00	0.07
50	67.13	6.76
50"	0.05	0.00
50"%"	0.05	0.00
50$	0.05	0.00
50%	0.05	0.00
50%s	0.05	0.00
50,000	0.43	0.00
50..	0.05	0.00
50.000	1.38	0.00
50/	0.05	0.00
50/50	0.64	0.00
50°	0.16	0.00
500 000	3.46	0.34
500	27.82	2.57
500$	0.05	0.00
500,000	0.16	0.00
500.000	0.48	0.00
500+	0.05	0.00
5000	6.17	0.61
50000	2.39	0.95
500000	0.96	0.41
5000000001	0.05	0.00
5001	0.05	0.00
500g	0.16	0.00
500m	0.11	0.00
501	0.05	0.14
501e	0.05	0.00
501ème	0.11	0.00
502	0.05	0.00
502ème	0.11	0.00
503	0.11	0.00
503ème	0.05	0.00
504	0.37	0.61
505	0.05	0.00
5057	0.11	0.00
506	0.11	0.00
506e	0.16	0.00
506ème	0.27	0.00
507	0.37	0.07
5076	0.05	0.00
50774	0.05	0.00
508	0.16	0.00
509	0.11	0.00
50a	0.05	0.00
50é	0.05	0.00
50è	0.05	0.00
50e	0.11	0.07
50eme	0.05	0.00
50ème	0.48	0.00
50g	0.05	0.00
50m	0.16	0.00
51-52	0.00	0.14
51 1 6	0.05	0.00
51 1	0.05	0.00
51 2	0.05	0.00
51 7	0.16	0.00
51	3.35	1.42
51,6	0.05	0.00
51°	0.05	0.00
510 000	0.05	0.00
510	0.32	0.00
5102 1717 8118 6554	0.05	0.00
511	0.21	0.00
512	0.00	0.68
51224	0.05	0.00
513	0.05	0.00
514	0.11	0.00
5143690	0.05	0.00
515	0.05	0.07
516	0.00	0.07
517 857	0.11	0.00
519	0.21	0.00
51ème	0.21	0.00
52-	0.05	0.00
52-0	0.05	0.00
52 000	0.05	0.00
52	3.51	1.15
52,50	0.11	0.00
52,75	0.05	0.00
52.31.n	0.00	0.07
52°	0.05	0.00
520	0.00	0.14
52000	0.00	0.07
5205	0.05	0.00
521	0.11	0.00
522	0.05	0.14
523	0.11	0.00
5241	0.11	0.00
525	0.11	0.00
526	0.05	0.00
527	0.05	0.00
528	0.05	0.00
529b	0.05	0.00
52e	0.05	0.00
52ème	0.05	0.00
52o	0.05	0.00
53-	0.05	0.00
53	1.86	0.95
53,95	0.05	0.00
53.28.n	0.00	0.14
530	0.05	0.00
531	0.11	0.00
532	0.11	0.00
5326	0.05	0.00
534	0.05	0.00
53467	0.05	0.00
5350875	0.05	0.00
536,29	0.05	0.00
537-29	0.05	0.00
537	0.11	0.00
5388	0.11	0.00
53922	0.05	0.00
53999	0.05	0.00
53e	0.16	0.00
53ème	0.16	0.00
54-90	0.05	0.00
54 000	0.05	0.00
54	2.87	1.15
54,90	0.05	0.00
54.000.601	0.05	0.00
540	0.16	0.07
542	0.16	0.14
54229	0.05	0.00
543	0.05	0.00
5436	0.05	0.00
544 90 00	0.00	0.07
544	0.05	0.00
545-1	0.05	0.00
545	0.05	0.00
5450	0.05	0.00
546,23	0.05	0.00
548	0.00	0.07
54e	0.16	0.14
54ème	0.11	0.00
55-52	0.05	0.00
55-56	0.00	0.07
55 000	0.21	0.00
55	3.67	1.55
55..	0.05	0.00
55.3n	0.00	0.07
550 000	0.05	0.00
550	0.27	0.14
5500	0.11	0.14
5500$	0.05	0.00
55000	0.05	0.14
552-12	0.05	0.00
552	0.05	0.00
553	0.16	0.00
554	0.05	0.07
555-	0.11	0.00
555-00-01	0.05	0.00
555-0123	0.05	0.00
555-0156	0.05	0.00
555-0199	0.05	0.00
555-1111	0.05	0.00
555-2131	0.05	0.00
555-2160	0.05	0.00
555-24-01	0.05	0.00
555-2462	0.05	0.00
555-3535	0.05	0.00
555-4421	0.05	0.00
555-4810	0.11	0.00
555-7600	0.05	0.00
555-7876	0.05	0.00
555-9861	0.05	0.00
555 1 2 26	0.05	0.00
555 11 11	0.05	0.00
555 2130	0.05	0.00
555 231 0	0.05	0.00
555 34 64	0.05	0.00
555 381 2	0.05	0.00
555 64 21	0.05	0.00
555 9175	0.05	0.00
555 93 23	0.05	0.00
555	0.43	0.47
555.81	0.05	0.00
555.87	0.05	0.00
557	0.05	0.00
559ème	0.05	0.00
55e	0.05	0.00
56-52	0.05	0.00
56	2.34	0.74
56/2	0.00	0.07
560	0.11	0.20
562	0.05	0.07
5636	0.05	0.00
5639	0.05	0.00
564	0.05	0.00
5642	0.05	0.00
56472	0.05	0.00
565	0.05	0.00
568	0.05	0.00
56844.9	0.05	0.00
56e	0.00	0.14
56ème	0.11	0.00
57-19	0.16	0.00
57-67	0.00	0.07
57	2.77	1.35
57,5	0.00	0.07
57,7	0.05	0.00
57/	0.05	0.00
570	0.00	0.07
5700	0.05	0.00
571	0.05	0.00
572	0.11	0.00
573	0.00	0.07
573/8	0.05	0.00
5732	0.05	0.00
5739	0.05	0.00
575	0.05	0.00
576	0.00	0.07
578e	0.00	0.07
579-b	0.05	0.00
57e	0.00	0.14
57ème	0.37	0.00
58'	0.05	0.00
58-88	0.11	0.00
58 000	0.21	0.00
58 78	0.00	0.07
58	2.71	1.49
58,9	0.05	0.00
58,95	0.05	0.00
58/0	0.11	0.00
580	0.05	0.14
582	0.05	0.00
583	0.05	0.00
5846	0.05	0.00
585000	0.00	0.07
5861-f	0.05	0.00
5861	0.11	0.00
5864	0.05	0.00
587	0.05	0.00
588	0.05	0.00
58d	0.05	0.00
58e	0.05	0.00
58ème	0.27	0.00
59'	0.05	0.00
59-46	0.05	0.00
59	1.81	0.68
59,42	0.00	0.07
59.12.n	0.00	0.07
59.60	0.00	0.07
59°	0.05	0.00
590	0.00	0.07
59000	0.05	0.00
593	0.11	0.00
595	0.05	0.00
5963	0.00	0.14
598	0.00	0.07
5986	0.00	0.07
59e	0.16	0.00
59ème	0.37	0.00
5a	0.16	0.07
5c	0.21	0.00
5d	0.16	0.00
5é	0.11	0.00
5e	4.52	4.19
5éme	0.05	0.00
5eme	0.05	0.14
5ème	6.97	0.00
5h	2.61	0.00
5h00	0.32	0.00
5h01	0.05	0.00
5h05	0.05	0.00
5h11	0.05	0.00
5h30	0.69	0.00
5h40	0.05	0.00
5h44	0.05	0.00
5h45	0.37	0.00
5h47	0.05	0.00
5hd'	0.05	0.00
5heures	0.05	0.00
5jours	0.05	0.00
5km	0.11	0.00
5l5	0.05	0.00
5m	0.05	0.00
5mm	0.05	0.00
5mn	0.27	0.00
5o	0.16	0.00
5th	0.05	0.00
6-	0.16	0.00
6-0-9	0.05	0.00
6-0	0.11	0.00
6-1	0.16	0.00
6-10-1960	0.00	0.07
6-10-4-5	0.05	0.00
6-11	0.05	0.00
6-2-9	0.11	0.00
6-2	0.11	0.00
6-20-4	0.05	0.00
6-22	0.05	0.00
6-3	0.11	0.00
6-4-2	0.05	0.00
6-5-0	0.16	0.00
6-5	0.48	0.00
6-6-1914	0.00	0.07
6-6-8- 1	0.05	0.00
6-6-8-1	0.16	0.00
6-7-2-5	0.11	0.00
6-7	0.21	0.54
6-8	0.11	0.00
6-80	0.11	0.00
6-87-1 60	0.05	0.00
6-9	0.05	0.00
6-c	0.05	0.00
6-e	0.05	0.00
6 0	0.27	0.00
6 000	1.86	0.81
6 001	0.05	0.00
6 1	0.05	0.20
6 12	0.00	0.07
6 250	0.27	0.00
6 319	0.05	0.00
6 328	0.05	0.00
6 400	0.11	0.00
6 500	0.21	0.00
6 666	0.00	0.07
6 7	0.05	0.00
6 810 000	0.00	0.07
6 87	0.05	0.00
6	84.95	24.66
6,000	0.11	0.00
6,2	0.05	0.00
6,3	0.11	0.00
6,35	0.00	0.61
6,4	0.05	0.00
6,5	0.27	0.00
6,5m	0.05	0.00
6,6	0.05	0.00
6,66	0.05	0.00
6,700	0.05	0.00
6,75	0.11	0.00
6,8	0.05	0.00
6,9	0.16	0.00
6...5...4...3...2...1..	0.05	0.00
6.0	0.16	0.00
6.000	0.32	0.00
6.1	0.11	0.00
6.2	0.11	0.00
6.25.e	0.00	0.07
6.3	0.05	0.00
6.35	0.00	0.07
6.35..	0.05	0.00
6.4	0.11	0.00
6.5	0.11	0.00
6.7.47..	0.05	0.00
6.75	0.27	0.00
6.8.64	0.05	0.00
6.9	0.16	0.00
6/3	0.21	0.00
6/8	0.05	0.00
6:45	0.05	0.00
6°	0.16	0.00
60'	0.16	0.00
60-03	0.05	0.00
60-40	0.16	0.00
60-70	0.00	0.07
60 000	1.54	0.27
60	25.96	4.53
60,90	0.05	0.00
60.000	0.37	0.00
60.01	0.05	0.00
60/	0.11	0.00
60/40	0.11	0.00
60°	0.11	0.00
600 000	0.69	0.14
600	6.38	1.49
600.000	0.05	0.00
6000	1.65	0.68
60000	0.16	0.47
600000	0.16	0.27
6003	0.05	0.00
600324	0.05	0.00
601	0.11	0.14
602	0.37	0.07
603	0.16	0.14
6036	0.05	0.00
604	0.11	0.07
6042	0.05	0.00
605-2	0.05	0.00
605-3	0.05	0.00
605	0.11	0.00
605e	0.05	0.00
606	0.05	0.07
607	0.11	0.00
6071	0.05	0.00
6079	0.11	0.00
608	0.00	0.07
6085	0.05	0.00
609	0.05	0.00
60e	0.11	0.00
60ème	0.16	0.00
61 000	0.05	0.00
61	1.81	0.41
61,12	0.05	0.00
61,50	0.05	0.00
61°	0.05	0.00
610	0.11	0.00
6100	0.05	0.00
61000	0.00	0.07
611	0.21	0.00
613	0.16	0.00
614	0.21	0.07
616	0.05	0.00
617 359	0.00	0.07
618	0.05	0.07
619	0.37	0.00
6194408-s	0.11	0.00
6194408	0.05	0.00
6198	0.05	0.00
61a	0.05	0.00
61e	0.05	0.00
61ème	0.16	0.00
61o	0.05	0.00
62'	0.05	0.00
62 000	0.11	0.00
62 780 000	0.05	0.00
62	1.97	0.61
62,000	0.11	0.00
620	0.05	0.07
621 4598	0.11	0.00
621	0.16	0.00
622	0.16	0.00
6223	0.05	0.00
623	0.11	0.00
6231	0.05	0.00
625	0.11	0.00
626	0.21	0.00
627 110	0.05	0.00
62790	0.05	0.00
628	0.11	0.00
6285	0.05	0.00
629	0.05	0.00
62e	0.05	0.07
62ème	0.32	0.00
63	2.71	1.42
63,500	0.16	0.00
63°	0.05	0.00
630	0.16	0.14
633	0.16	0.00
634	0.21	0.00
635	0.05	0.00
635000	0.00	0.07
636	0.27	0.00
637	0.05	0.00
638	0.05	0.00
639	0.16	0.00
6394	0.00	0.07
63e	0.16	0.00
63ème	0.37	0.00
64'	0.05	0.00
64 000	0.05	0.00
64	3.56	0.61
64.000	0.05	0.00
640	0.16	0.00
64000	0.16	0.00
6427	0.05	0.00
643-1399	0.05	0.00
643	0.16	0.00
64389000	0.05	0.00
645	0.05	0.07
6457	0.00	0.07
6458	0.00	0.07
6459	0.00	0.07
646	0.11	0.00
647	0.05	0.00
648 0024	0.05	0.00
649	0.11	0.07
649402	0.05	0.00
64e	0.05	0.00
65-r	0.05	0.00
65 000 000	0.05	0.00
65 000	0.32	0.07
65 1	0.05	0.00
65	4.63	1.62
65%s	0.05	0.00
65.000	0.05	0.00
650 000	0.11	0.00
650	1.38	0.74
6500	0.11	0.07
65000	0.05	0.00
6506	0.00	0.07
654	0.16	0.00
654321	0.16	0.00
655	0.05	0.00
656	0.05	0.00
659.07.16	0.05	0.00
6598	0.00	0.07
65984	0.05	0.00
65985	0.05	0.00
65e	0.11	0.00
65eme	0.05	0.00
65ème	0.16	0.00
66-50	0.05	0.00
66 500	0.05	0.00
66	1.38	0.81
66,50	0.05	0.00
660	0.11	0.07
66000	0.11	0.00
66044	0.05	0.00
662-3799	0.05	0.00
6621	0.05	0.00
663	0.05	0.00
664	0.05	0.00
665ème	0.05	0.00
666	0.43	0.20
6665	0.05	0.00
6666	0.05	0.00
6666e	0.05	0.00
66691 21	0.05	0.00
6675	0.00	0.07
66755	0.05	0.00
669 54 7311	0.05	0.00
67 000	0.05	0.07
67 68 08	0.05	0.00
67	1.49	0.95
67,500,000	0.05	0.00
670	0.05	0.00
6709	0.00	0.20
67119	0.05	0.00
672000	0.05	0.00
674-95-65	0.05	0.00
675	0.05	0.00
676	0.00	0.07
6767	0.05	0.00
677	0.00	0.07
679	0.05	0.00
67e	0.00	0.07
67ème	0.11	0.00
68'	0.05	0.00
68-09	0.00	0.14
68 414	0.00	0.07
68	3.14	3.58
68,3	0.11	0.00
68,5	0.05	0.00
68.71	0.05	0.00
680	0.32	0.00
6800	0.05	0.00
682	0.05	0.00
6822	0.11	0.00
686	0.05	0.00
687	0.05	0.00
6872	0.05	0.00
688	0.05	0.00
68ème	0.05	0.00
69 290	0.05	0.00
69	1.65	0.61
69,4	0.05	0.00
69.90	0.11	0.00
691	0.11	0.00
6912	0.05	0.00
69500	0.16	0.00
696	0.00	0.07
6991	0.11	0.00
69ème	0.21	0.00
6a	0.05	0.00
6b	0.05	0.07
6d	0.05	0.00
6é	0.27	0.00
6e	3.19	3.51
6èmé	0.05	0.00
6eme	0.16	0.00
6ème	5.53	0.00
6h	2.50	0.00
6h00	0.53	0.00
6h02	0.05	0.00
6h04	0.11	0.00
6h1 5	0.05	0.00
6h15	0.05	0.00
6h20	0.05	0.00
6h30	1.49	0.00
6h35	0.05	0.00
6h45	0.05	0.00
6h50	0.27	0.00
6h53	0.05	0.00
6heures	0.05	0.00
6jourd	0.05	0.00
6jours	0.11	0.00
6o	0.05	0.00
6p	0.05	0.00
6yards	0.05	0.00
7-	0.11	0.00
7-0-4-6-0	0.05	0.00
7-1-8-0	0.05	0.00
7-14	0.05	0.00
7-2	0.05	0.00
7-3	0.05	0.00
7-4	0.05	0.00
7-6-5	0.11	0.00
7-6	0.16	0.00
7-62	0.05	0.00
7-7-0-0	0.05	0.00
7-7-0	0.05	0.00
7-8-4-9-9-0-9-8-8-6	0.05	0.00
7-8	0.11	0.00
7-9	0.05	0.00
7-a-c	0.00	0.07
7-a	0.11	0.00
7-r	0.05	0.00
7 0	0.11	0.00
7 00	0.05	0.00
7 000	1.22	0.14
7 1	0.05	0.00
7 2	0.11	0.00
7 20	0.05	0.00
7 3	0.11	0.27
7 300	0.11	0.00
7 4	0.11	0.07
7 400	0.05	0.00
7 486	0.05	0.00
7 5	0.11	0.00
7 500	0.27	0.00
7 600	0.05	0.00
7 62	0.05	0.00
7	67.13	21.49
7,000	0.11	0.00
7,08m	0.11	0.00
7,2	0.16	0.00
7,20	0.05	0.00
7,3	0.05	0.00
7,35	0.05	0.07
7,5	0.74	0.00
7,50	0.43	0.07
7,500	0.05	0.00
7,6	0.00	0.34
7,65	0.27	0.54
7,75	0.00	0.07
7,84	0.05	0.00
7,9,5	0.05	0.00
7,98	0.05	0.00
7. m	0.05	0.00
7..	0.05	0.00
7..."	0.05	0.00
7..62	0.00	0.07
7.000	0.21	0.00
7.2.7	0.05	0.00
7.300	0.05	0.00
7.500	0.27	0.00
7.500..	0.05	0.00
7.62	0.16	0.00
7.7.0.2	0.05	0.00
7.84	0.05	0.00
7/	0.05	0.00
7/14/99	0.11	0.00
7/28	0.05	0.00
7/8	0.05	0.07
70'	0.05	0.00
70-	0.05	0.00
70-30	0.21	0.07
70-30.50-50.60-40	0.05	0.00
70 000	0.96	0.07
70 273	0.05	0.00
70 30	0.05	0.00
70	13.40	3.85
70$?	0.05	0.00
70,000	0.11	0.00
70..	0.05	0.00
70.000	0.21	0.00
70/30	0.05	0.00
70/50	0.05	0.00
700 000	0.21	0.07
700	5.27	0.47
700.000	0.05	0.00
7000	0.74	0.20
70000	0.21	0.20
700000	0.11	0.14
700ème	0.05	0.00
701	0.11	0.00
7013	0.00	0.07
701e	0.16	0.00
702	0.16	0.00
703	0.21	0.00
704	0.11	0.00
705	0.05	0.07
705.608	0.05	0.00
706	0.05	0.00
707	0.16	0.07
7073	0.05	0.00
7087	0.05	0.00
709	0.05	0.00
709394	0.11	0.00
70à	0.05	0.00
70e	0.05	0.07
70ème	0.11	0.00
70h	0.05	0.00
70s	0.11	0.00
71 4	0.05	0.00
71 8	0.05	0.00
71	1.06	1.08
710	0.05	0.00
71000	0.05	0.00
7103	0.59	0.00
711	0.11	0.00
7117	0.05	0.00
712	0.05	0.00
713	0.11	0.00
7132	0.11	0.00
7135550342	0.05	0.00
7138	0.00	0.07
715	0.16	0.00
7152	0.05	0.00
716	0.05	0.00
717	0.05	0.00
718	0.16	0.00
719	0.00	0.07
72'	0.11	0.00
72 000	0.11	0.00
72 5 19	0.05	0.00
72	4.73	0.68
72,5	0.11	0.00
72,8	0.05	0.00
72.500	0.05	0.00
72°	0.05	0.00
720	0.16	0.07
7200	0.05	0.00
7204	0.05	0.00
72163427	0.05	0.00
72242	0.05	0.00
72281444	0.05	0.00
723	0.11	0.20
72391	0.11	0.00
7251	0.05	0.00
727 04 87	0.05	0.00
727 4	0.05	0.00
727	0.05	0.07
728	0.05	0.00
7288	0.00	0.07
729	0.11	0.00
72961	0.05	0.00
72e	0.37	0.07
72ème	0.21	0.00
72h	0.11	0.00
73 000	0.11	0.00
73	1.65	2.57
73,900	0.05	0.00
73/8	0.05	0.00
730	0.11	0.00
73000	0.05	0.00
731 071 1	0.05	0.00
731	0.85	0.00
732	0.05	0.14
7343	0.00	0.07
735	0.11	0.07
735,6	0.00	0.07
7357	0.00	0.14
7366	0.05	0.00
737	0.21	0.20
73e	0.11	0.00
73ème	0.16	0.00
74 200	0.05	0.00
74	1.86	1.08
74,2	0.00	0.07
74,50	0.05	0.00
74,58	0.05	0.00
740 000	0.00	0.07
740	0.11	0.07
74000	0.05	0.00
740000	0.00	0.07
7423	0.16	0.00
74270	0.05	0.00
7432	0.05	0.00
746	0.05	0.00
747	1.28	0.14
7479	0.05	0.00
748	0.11	0.00
74e	0.05	0.00
74ème	0.21	0.00
75 000	1.01	0.14
75 008	0.00	0.07
75	7.77	7.84
75,000	0.05	0.00
75.000	0.05	0.00
75.2978	0.00	0.07
75_	0.11	0.00
750 000	0.85	0.00
750	1.38	0.95
750,000	0.05	0.00
7500	0.11	0.07
75000	0.21	0.14
750000	0.11	0.00
751	0.05	0.00
752 0420	0.11	0.00
752	0.05	0.00
753	0.05	0.00
7543	0.05	0.00
7551	0.05	0.00
759	0.05	0.00
7592	0.05	0.00
75e	0.16	0.00
75ème	0.16	0.00
76	1.70	1.22
76,9	0.05	0.00
760	0.05	0.00
762	0.21	0.00
763	0.00	0.07
763092	0.43	0.00
764	0.05	0.00
7642	0.05	0.00
7646	0.05	0.00
7647	0.05	0.00
765	0.05	0.00
7657380423611	0.05	0.00
766	0.05	0.00
767	0.11	0.54
767092	0.05	0.00
768	0.00	0.07
7680202-s	0.05	0.00
769	0.05	0.00
76ème	0.11	0.00
77'	0.05	0.00
77-105-150-220-320-420-540	0.00	0.07
77-94	0.00	0.07
77 00	0.11	0.00
77	1.91	3.51
770 02	0.05	0.00
770	0.05	0.07
770032	0.05	0.00
7701	0.05	0.00
770378	0.05	0.00
771	0.16	0.00
773	0.05	0.00
7731	0.00	0.07
774	0.05	0.00
7762323	0.05	0.00
777	0.11	0.07
7778	0.05	0.00
777ème	0.11	0.00
779	0.00	0.07
78'	0.05	0.00
78	1.76	1.35
78,21	0.05	0.00
78,50	0.05	0.00
78,7	0.05	0.00
78.0.w	0.00	0.07
78.5	0.05	0.00
78.7	0.05	0.00
7800	0.11	0.00
781 011 2454	0.05	0.00
781 011 2454311	0.05	0.00
781019880	0.05	0.00
7814	0.05	0.00
7818	0.05	0.00
782	0.05	0.00
783 224	0.00	0.07
784	0.05	0.00
784533	0.59	0.00
784574	0.05	0.00
7848	0.00	0.07
785	0.11	0.00
785.921	0.05	0.00
7850	0.00	0.07
7876	0.05	0.00
7893 0 75	0.00	0.07
78ème	0.05	0.00
79'	0.05	0.00
79	1.54	0.74
79%d'	0.05	0.00
79,6	0.05	0.00
7900	0.05	0.00
791	0.00	0.14
793 793	0.05	0.00
79345	0.05	0.00
795-0772	0.05	0.00
795	0.05	0.00
796	0.32	0.07
79é	0.05	0.00
79ème	0.16	0.00
7a	0.05	0.00
7b	0.05	0.00
7cm	0.11	0.00
7é	0.11	0.00
7e	2.93	3.72
7eme	0.05	0.00
7ème	4.57	0.00
7g	0.05	0.00
7h	2.13	0.00
7h00	0.27	0.00
7h05	0.21	0.00
7h1 5	0.05	0.00
7h15	0.11	0.00
7h20	0.11	0.00
7h23	0.11	0.00
7h25	0.05	0.00
7h27	0.05	0.00
7h30	1.12	0.00
7h42	0.05	0.00
7h45	0.05	0.00
7h55	0.05	0.00
7h59	0.11	0.00
7jours	0.05	0.00
7juillet	0.05	0.00
7mn	0.05	0.00
7o	0.05	0.07
7o4162	0.05	0.00
7ooo	0.11	0.00
7r	0.27	0.00
7x	0.00	0.07
8'	0.05	0.00
8- 3	0.05	0.00
8-1-8-5-5-5-0-1-0-3	0.05	0.00
8-125	0.05	0.00
8-16	0.00	0.07
8-2-1	0.05	0.00
8-40	0.05	0.00
8-41	0.05	0.00
8-9	0.00	0.07
8-900	0.05	0.00
8 0	0.05	0.00
8 000	1.86	0.14
8 2 4 0 2	0.05	0.00
8 200	0.05	0.00
8 400	0.16	0.00
8 500	0.05	0.00
8 600	0.05	0.00
8 650	0.05	0.00
8 7	0.05	0.00
8 78	0.05	0.00
8 800	0.05	0.00
8	59.31	20.74
8,20	0.05	0.00
8,5	0.32	0.00
8,50	0.16	0.00
8,500	0.11	0.00
8,6	0.05	0.00
8,60	0.05	0.00
8,600	0.05	0.00
8,900 000	0.05	0.00
8...7...6...5	0.05	0.00
8..840	0.00	0.14
8.000	0.27	0.00
8.095	0.05	0.00
8.25	0.05	0.00
8.30	0.05	0.00
8.36	0.05	0.00
8.50	0.05	0.00
8/1	0.05	0.00
8/20	0.05	0.00
80'	0.32	0.00
80-04	0.05	0.00
80-10	0.11	0.00
80-20	0.05	0.00
80 000	1.86	0.27
80 7	0.05	0.00
80	16.86	3.72
80,000	0.16	0.00
80.000	0.16	0.00
80.000.000	0.05	0.00
80/70e	0.00	0.07
800'	0.05	0.00
800 000	0.59	0.00
800	6.06	0.74
800,000	0.05	0.00
800.000	0.21	0.00
8000	1.33	0.34
80000	0.21	0.14
800000	0.11	0.27
800m	0.05	0.00
801	0.16	0.00
802	0.11	0.00
803	0.05	0.00
804	0.05	0.00
805	0.11	0.00
806	0.80	0.00
807	0.16	0.00
808	0.05	0.00
809	0.05	0.00
80e	0.11	0.00
80ème	0.05	0.00
80s'	0.16	0.00
81 4	0.11	0.00
81	2.45	1.01
812	0.43	0.07
813	0.00	0.14
813155-d	0.05	0.00
814	0.05	0.00
8145	0.05	0.00
815	0.05	0.00
8152	0.00	0.07
818-725-4424	0.05	0.00
818-775-3993	0.05	0.00
818 775 3993	0.05	0.00
818	0.21	0.00
81844488	0.05	0.00
819	0.11	0.07
81ème	0.11	0.00
81eme	0.32	0.00
81k	0.11	0.00
82'	0.05	0.00
82-83	0.05	0.00
82-m	0.05	0.00
82 364	0.11	0.00
82	2.29	0.61
82%%%	0.05	0.00
82°%°	0.05	0.00
8201	0.05	0.00
8210	0.05	0.00
822	0.11	0.00
822e	0.05	0.00
823	0.05	0.00
824 7996	0.05	0.00
825	0.05	0.00
8250	0.21	0.00
8288	0.05	0.00
82e	0.59	0.00
82eme	0.05	0.00
82ème	0.37	0.00
83-17-4	0.05	0.00
83 000	0.21	0.00
83	2.34	1.01
83,3	0.05	0.00
83,500	0.05	0.00
830	0.11	0.00
83000	0.05	0.00
832	0.05	0.00
832156	0.05	0.00
834	0.11	0.00
835	0.00	0.14
838 000	0.05	0.00
84 000	0.05	0.00
84	1.44	1.15
84,6%	0.05	0.00
84..00	0.00	0.07
84..06..06	0.00	0.07
840	0.21	0.00
84000	0.05	0.00
84012	0.05	0.00
8417	0.05	0.00
842	0.05	0.00
843	0.11	0.00
843907	0.11	0.00
843e	0.11	0.00
844	0.05	0.00
845	0.05	0.00
846	0.05	0.00
8469846	0.05	0.00
8471	0.11	0.00
849	0.05	0.00
84ème	0.11	0.00
85-e	0.05	0.00
85-r-1 6	0.05	0.00
85 000	0.05	0.00
85 83	0.11	0.00
85	3.94	1.08
85%	0.05	0.00
85,33	0.05	0.00
85.000	0.05	0.00
850 000	0.00	0.07
850	0.69	0.00
8500	0.16	0.00
850000	0.00	0.07
8501	0.05	0.00
853-5	0.05	0.00
854	0.00	0.14
856	0.11	0.07
8583	0.00	0.07
85b	0.05	0.00
85eme	0.05	0.00
85ème	0.05	0.00
86'	0.05	0.00
86-1278	0.05	0.00
86-a	0.05	0.00
86 400	0.00	0.07
86	1.70	0.61
86,08	0.05	0.00
86.000	0.11	0.00
860	0.05	0.00
861	0.11	0.00
8611	0.00	0.07
862	0.27	0.00
863 02	0.05	0.00
863	0.05	0.00
865	0.11	0.07
86e	0.48	0.00
86ème	0.11	0.00
87	2.50	0.47
87.42	0.00	0.07
870	0.05	0.00
872 702	0.05	0.00
87249	0.05	0.00
875 000	0.05	0.00
875	0.05	0.00
876	0.05	0.00
877	0.00	0.07
878	0.05	0.00
87865	0.05	0.00
8790	0.11	0.00
87ème	0.21	0.00
88 000	0.05	0.00
88	3.99	0.68
88,5	0.05	0.00
88,6	0.05	0.00
88,8	0.00	0.07
88.07.44	0.00	0.07
88.07.54	0.00	0.20
8800	0.05	0.00
881 14	0.05	0.00
882	0.05	0.00
8848	0.11	0.00
885 0714	0.05	0.00
8865	0.00	0.07
887	0.16	0.07
888	0.00	0.07
88ème	0.16	0.00
89'	0.05	0.00
89-c	0.05	0.00
89	1.38	1.15
89%	0.05	0.00
89.3	0.11	0.00
8927	0.05	0.00
895	0.05	0.00
897,23	0.05	0.00
899	0.05	0.00
89ème	0.11	0.00
8a	0.16	0.00
8b0	0.05	0.00
8cm	0.05	0.00
8é	0.05	0.00
8e	1.54	3.11
8eme	0.05	0.00
8ème	1.91	0.00
8énarasse	0.00	0.07
8h	2.55	0.00
8h00	0.48	0.00
8h05	0.05	0.00
8h15	0.27	0.00
8h20	0.05	0.00
8h24	0.05	0.00
8h30	1.28	0.00
8h37	0.05	0.00
8h40	0.05	0.00
8h45	0.21	0.00
8h47	0.11	0.00
8h50	0.05	0.00
8h52	0.05	0.00
8jours	0.05	0.00
8juin	0.05	0.00
8m	0.05	0.00
8mm	0.21	0.00
9-0-3	0.05	0.00
9-0-4..	0.05	0.00
9-0	0.11	0.00
9-074	0.11	0.00
9-1-1	0.05	0.00
9-1-2	0.05	0.00
9-10	0.05	0.00
9-13	0.00	0.07
9-17	0.16	0.00
9-2	0.05	0.00
9-4-6.9-4-6	0.05	0.00
9-4-6.9-4-6.9-4-6	0.05	0.00
9-4	0.05	0.00
9-5	0.05	0.00
9-9-8	0.05	0.00
9 000	0.21	0.00
9 07 4	0.05	0.00
9 200	0.05	0.00
9 27d	0.05	0.00
9 3	0.27	0.00
9 500	0.05	0.07
9 58'	0.05	0.00
9 670	0.05	0.00
9 891	0.05	0.00
9 978	0.05	0.00
9 999	0.05	0.14
9	45.00	18.99
9,000	0.11	0.00
9,16	0.05	0.00
9,3	0.05	0.00
9,43	0.11	0.00
9,5	0.21	0.07
9,95	0.00	0.07
9,99	0.16	0.00
9..	0.05	0.00
9...8...7...6	0.05	0.00
9.000	0.21	0.00
9.000.000	0.05	0.00
9.000.000.000	0.05	0.00
9.2	0.05	0.00
9.2.6...3	0.05	0.00
9.2.6.3	0.05	0.00
9.20	0.05	0.00
9.3	0.05	0.00
9.598	0.05	0.00
9.6	0.05	0.00
9.7	0.05	0.00
9.80	0.05	0.00
9.9	0.05	0.00
9.99	0.05	0.00
9/10	0.05	0.00
9/11/44	0.05	0.00
9:30	0.05	0.00
90'	0.11	0.00
90-1 0	0.05	0.00
90-60-90	0.16	0.00
90-95	0.05	0.00
90 000	0.16	0.00
90	16.06	1.82
90%le	0.05	0.00
90,000	0.05	0.00
90,5	0.00	0.07
90.000	0.05	0.00
90°	0.21	0.00
900 000	0.27	0.00
900	2.71	0.54
900,000	0.05	0.00
900.000	0.05	0.00
900.000.000	0.05	0.00
9000	0.69	0.00
90000	0.00	0.20
900e	0.11	0.00
901	0.05	0.00
90222	0.05	0.00
90255047	0.05	0.00
903 472 568à	0.05	0.00
903	0.00	0.07
903224637	0.05	0.00
9033	0.11	0.00
904	0.11	0.00
9044	0.05	0.00
906	0.11	0.00
906094	0.05	0.00
907	0.21	0.00
9075	0.05	0.00
909	0.16	0.00
9090	0.05	0.00
90e	0.00	0.07
90ème	0.05	0.00
91'	0.05	0.00
91-2317	0.05	0.00
91 1	0.37	0.00
91	0.85	0.54
91021	0.05	0.00
9106	0.05	0.00
911	1.12	0.07
9114	0.05	0.00
912	0.05	0.00
9131	0.00	0.07
914	0.00	0.07
91403	0.05	0.00
915	0.05	0.00
917	0.05	0.00
917,2	0.00	0.07
918	0.05	0.00
91ème	0.05	0.00
92	2.07	0.95
92.3	0.05	0.00
92.9	0.05	0.00
92/60	0.05	0.00
920	0.27	0.00
9200	0.05	0.00
922 3299	0.05	0.00
92306847	0.11	0.00
925	0.05	0.00
926	0.00	0.07
929	0.05	0.00
9291	0.05	0.00
93'	0.05	0.00
93	1.91	0.68
93.4	0.05	0.00
93.757	0.05	0.00
930	0.21	0.14
93000	0.05	0.00
931 07 70	0.05	0.00
931	0.05	0.00
932	0.05	0.00
934 87 77	0.16	0.00
935 000	0.00	0.07
935	0.05	0.00
936	0.05	0.00
93666995""	0.05	0.00
937-3000	0.05	0.00
937	0.27	0.00
93ème	0.16	0.00
94 632	0.05	0.00
94	1.54	0.61
94.03	0.00	0.07
940	0.16	0.00
94022	0.05	0.00
941 000	0.05	0.00
9410	0.05	0.00
94105	0.05	0.00
94107	0.21	0.00
944	0.11	0.00
945	0.05	0.00
9477 43	0.05	0.00
94e	0.00	0.07
95 000	0.16	0.00
95	3.03	0.34
95.78	0.00	0.07
950 000	0.11	0.00
950	0.27	0.07
9510	0.00	0.14
953 716	0.00	0.07
953	0.05	0.00
95452	0.05	0.00
955	0.16	0.00
9553	0.00	0.07
957	0.11	0.00
95763	0.11	0.00
959	0.05	0.00
95ème	0.11	0.00
95ù	0.05	0.00
96 000	0.05	0.00
96	1.60	0.54
96,5	0.05	0.00
96.2	0.05	0.00
96°	0.05	0.00
960	0.16	0.07
96310	0.00	0.07
9650	0.11	0.00
967	0.00	0.07
96891	0.11	0.00
969	0.00	0.27
96ème	0.05	0.00
97 2	0.05	0.00
97	1.06	0.68
97,4	0.05	0.00
97/004	0.05	0.00
970	0.16	0.00
971	0.05	0.00
9726-6644	0.05	0.00
973-555-1299	0.05	0.00
973	0.11	0.07
977	0.05	0.00
97ème	0.11	0.00
98 345	0.05	0.00
98	1.86	0.47
98,3	0.05	0.00
98,50	0.11	0.00
98°	0.05	0.00
980	0.21	0.14
98000	0.11	0.00
981	0.05	0.00
9821	0.05	0.00
983	0.00	0.07
98364-45701	0.05	0.00
984213	0.05	0.00
986-26-0901	0.05	0.00
986,8	0.00	0.07
988	0.05	0.00
989 000	0.00	0.07
989	0.05	0.00
98e	0.00	0.07
98ème	0.21	0.00
99'	0.05	0.00
99 27 21 27	0.05	0.00
99 53 7 6 53	0.05	0.00
99 999	0.05	0.00
99	3.56	1.22
99,8	0.05	0.00
99,9	0.05	0.07
99°%°	0.05	0.00
992	0.00	0.07
993	0.16	0.00
9945	0.11	0.00
995	0.05	0.00
999-999	0.11	0.00
999-9999	0.16	0.00
999 999	0.11	0.00
999	3.72	0.07
999..999	0.00	0.07
9998-6644	0.05	0.00
9999	0.16	0.00
99e	0.05	0.00
99ème	0.21	0.00
9a	0.11	0.00
9é	0.11	0.00
9e	1.17	0.27
9éme	0.11	0.00
9eme	0.11	0.07
9ème	3.03	0.00
9h	3.19	0.00
9h00	0.74	0.00
9h05	0.11	0.00
9h1 5	0.05	0.00
9h15	0.11	0.00
9h20	0.05	0.00
9h23	0.05	0.00
9h27	0.11	0.00
9h28	0.05	0.00
9h30	0.90	0.00
9h37	0.11	0.00
9h40	0.05	0.00
9h41	0.05	0.00
9h45	0.05	0.00
9h50	0.05	0.00
9h54	0.05	0.00
9kg	0.05	0.00
